>JP_LM1,5332
0.168229557389,0.0798949737434,0.383720930233,0.368154538635
0.0459489872468,0.00393848462116,0.91879219805,0.0313203300825
0.00937734433608,0.0510127531883,0.0103150787697,0.929294823706
0.0315078769692,0.0189422355589,0.00900225056264,0.940547636909
0.107839459865,0.0521380345086,0.721867966992,0.118154538635
0.00506376594149,0.87415603901,0.0142535633908,0.106526631658
0.00356339084771,0.904351087772,0.000750187546887,0.0913353338335
0.918979744936,0.02288072018,0.0219429857464,0.0361965491373
0.0669542385596,0.029632408102,0.0391972993248,0.864216054014
0.207801950488,0.000750187546887,0.788634658665,0.00281320330083
0.0195048762191,0.00637659414854,0.969242310578,0.00487621905476
0.509002250563,0.249624906227,0.0510127531883,0.190360090023
0.744561140285,0.018192048012,0.197299324831,0.0399474868717
0.955551387847,0.010127531883,0.0236309077269,0.0106901725431
0.0151912978245,0.915228807202,0.0105026256564,0.0590772693173
0.368529632408,0.346774193548,0.0648912228057,0.219804951238
>JP_LM2,7549
0.331567094979,0.0751092859981,0.400185455027,0.193138163995
0.06623393827,0.856404821831,0.025036428666,0.0523248112333
0.0026493575308,0.994038945556,0.00039740362962,0.00291429328388
0.920386806199,0.00967015498742,0.0205325208637,0.0494105179494
0.025036428666,0.7182408266,0.233805802093,0.0229169426414
0.17379785402,0.344416479004,0.0294078685919,0.452377798384
0.911511458471,0.00755066896278,0.0486157106902,0.0323221618757
0.00635845807392,0.0019870181481,0.990197377136,0.00145714664194
0.602463902504,0.00503377930852,0.389985428534,0.00251688965426
0.0109948337528,0.00609352232084,0.395416611472,0.587495032455
0.00900781560472,0.00052987150616,0.986753212346,0.00370910054312
0.0178831633329,0.0129818519009,0.851503510399,0.117631474367
0.019870181481,0.946880381507,0.00781560471586,0.0254338322957
0.854947675189,0.00781560471586,0.110345741158,0.0268909789376
0.0801430653067,0.34150218572,0.542455954431,0.0358987945423
0.106504172738,0.338587892436,0.0703404424427,0.484567492383
0.496092197642,0.193138163995,0.27182408266,0.0389455557027
0.194462842761,0.145449728441,0.243343489204,0.416743939595
0.344416479004,0.138693866737,0.16730692807,0.349582726189
0.245860378858,0.109153530269,0.450523248112,0.194462842761
>JP_LM3,844
0.142180094787,0.0438388625592,0.388625592417,0.425355450237
0.00473933649289,0.00118483412322,0.991706161137,0.00236966824645
0.0,0.0154028436019,0.00236966824645,0.982227488152
0.00710900473934,0.00592417061611,0.00118483412322,0.985781990521
0.00473933649289,0.00236966824645,0.975118483412,0.0177725118483
0.0,1.0,0.0,0.0
0.00355450236967,0.189573459716,0.00118483412322,0.805687203791
0.754739336493,0.0,0.0414691943128,0.203791469194
0.310426540284,0.00118483412322,0.661137440758,0.0272511848341
0.00473933649289,0.0,0.995260663507,0.0
0.171800947867,0.68009478673,0.0414691943128,0.10663507109
0.977488151659,0.00355450236967,0.00829383886256,0.010663507109
0.938388625592,0.00473933649289,0.0509478672986,0.00592417061611
0.00592417061611,0.989336492891,0.0,0.00473933649289
0.376777251185,0.439573459716,0.0189573459716,0.164691943128
>JP_LM4,1877
0.20884389984,0.0442194992009,0.511454448588,0.235482152371
0.0484816196058,0.0340969632392,0.885455514118,0.0319659030368
0.0895045285029,0.612679808205,0.236547682472,0.0612679808205
0.452850293021,0.40863079382,0.0484816196058,0.0900372935535
0.0410229088972,0.192328183271,0.0815130527437,0.685135855088
0.035695258391,0.205647309536,0.419286094832,0.33937133724
0.0879062333511,0.773042088439,0.0623335109217,0.0767181672882
0.0191795418221,0.15610015983,0.00958977091103,0.815130527437
0.0202450719233,0.00213106020245,0.970697922216,0.00692594565796
0.00692594565796,0.0042621204049,0.983484283431,0.00532765050613
0.0314331379861,0.0085242408098,0.948321790091,0.0117208311135
0.884922749068,0.023441662227,0.0596696856686,0.0319659030368
0.437932871604,0.12200319659,0.362812999467,0.0772509323388
0.328716036228,0.115077250932,0.0937666489078,0.462440063932
0.0197123068727,0.101758124667,0.0335641981886,0.844965370272
0.0277037826319,0.0117208311135,0.957911561002,0.00266382525306
0.0378263185935,0.0490143846564,0.0575386254662,0.855620671284
0.917954182206,0.00905700586042,0.0602024507192,0.0127863612147
0.0111880660629,0.0197123068727,0.953649440597,0.0154501864678
0.00799147575919,0.0154501864678,0.0245071923282,0.952051145445
0.0223761321257,0.466169419286,0.0431539690996,0.468300479489
0.0335641981886,0.575386254662,0.0362280234417,0.354821523708
>JP_LM5,224
0.0357142857143,0.0803571428571,0.0267857142857,0.857142857143
0.0267857142857,0.665178571429,0.0401785714286,0.267857142857
0.03125,0.754464285714,0.00446428571429,0.209821428571
0.0491071428571,0.821428571429,0.00446428571429,0.125
0.977678571429,0.0,0.00446428571429,0.0178571428571
0.00892857142857,0.00446428571429,0.00446428571429,0.982142857143
0.00892857142857,0.0133928571429,0.0178571428571,0.959821428571
0.870535714286,0.00446428571429,0.107142857143,0.0178571428571
0.571428571429,0.0669642857143,0.3125,0.0491071428571
0.0446428571429,0.78125,0.0178571428571,0.15625
0.611607142857,0.0491071428571,0.0669642857143,0.272321428571
0.0446428571429,0.214285714286,0.0669642857143,0.674107142857
0.0133928571429,0.129464285714,0.0133928571429,0.84375
0.9375,0.0267857142857,0.03125,0.00446428571429
0.991071428571,0.00446428571429,0.00446428571429,0.0
0.0357142857143,0.0,0.0,0.964285714286
0.0535714285714,0.00446428571429,0.90625,0.0357142857143
0.28125,0.0,0.6875,0.03125
0.21875,0.0669642857143,0.674107142857,0.0401785714286
0.75,0.03125,0.129464285714,0.0892857142857
>JP_LM6,79
0.177215189873,0.746835443038,0.0,0.0759493670886
1.0,0.0,0.0,0.0
1.0,0.0,0.0,0.0
0.936708860759,0.0632911392405,0.0,0.0
0.0253164556962,0.0,0.962025316456,0.0126582278481
0.0126582278481,0.0,0.962025316456,0.0253164556962
0.0126582278481,0.962025316456,0.0126582278481,0.0126582278481
0.0253164556962,0.177215189873,0.0,0.79746835443
0.0,1.0,0.0,0.0
0.0,0.0,0.0,1.0
0.0126582278481,0.0,0.0379746835443,0.949367088608
0.0,0.0379746835443,0.0,0.962025316456
0.0126582278481,0.0,0.0126582278481,0.974683544304
0.177215189873,0.759493670886,0.0,0.0632911392405
1.0,0.0,0.0,0.0
0.0126582278481,0.0126582278481,0.974683544304,0.0
0.79746835443,0.0,0.20253164557,0.0
0.0253164556962,0.0,0.974683544304,0.0
0.0,1.0,0.0,0.0
0.0126582278481,0.987341772152,0.0,0.0
0.860759493671,0.0506329113924,0.0886075949367,0.0
0.0506329113924,0.873417721519,0.0,0.0759493670886
0.0,0.683544303797,0.0379746835443,0.278481012658
>JP_LM7,6302
0.0695017454776,0.825134877817,0.0450650587115,0.0602983179943
0.00460171374167,0.989209774675,0.0036496350365,0.00253887654713
0.905109489051,0.00967946683593,0.0352269120914,0.0499841320216
0.020311012377,0.407013646461,0.561885115836,0.0107902253253
0.101237702317,0.612503966995,0.0420501428118,0.244208187877
0.971120279276,0.00507775309426,0.0101555061885,0.0136464614408
0.00555379244684,0.00206283719454,0.989685814027,0.00269755633132
0.538083148207,0.0111075848937,0.447794351,0.00301491589971
0.0161853379879,0.00904474769914,0.398920977467,0.575848936845
0.00745794985719,0.00285623611552,0.985560139638,0.00412567438908
0.0104728657569,0.0190415741035,0.88765471279,0.08283084735
0.0866391621707,0.745001586798,0.0253887654713,0.14297048556
0.444144715963,0.0120596635989,0.511266264678,0.0325293557601
0.0709298635354,0.712313551254,0.200412567439,0.0163440177721
0.0695017454776,0.146302761028,0.0222151697874,0.761980323707
0.221675658521,0.243732148524,0.508410028562,0.0261821643923
0.126626467788,0.206918438591,0.146778800381,0.51967629324
>JP_LM8,608
0.342105263158,0.559210526316,0.00328947368421,0.0953947368421
0.822368421053,0.0756578947368,0.00493421052632,0.0970394736842
0.00328947368421,0.0,0.00164473684211,0.995065789474
0.00328947368421,0.0,0.993421052632,0.00328947368421
0.921052631579,0.0509868421053,0.00164473684211,0.0263157894737
0.996710526316,0.0,0.0,0.00328947368421
0.0608552631579,0.00164473684211,0.00164473684211,0.935855263158
0.422697368421,0.0263157894737,0.00657894736842,0.544407894737
0.958881578947,0.00493421052632,0.0,0.0361842105263
0.0296052631579,0.0,0.00328947368421,0.967105263158
0.03125,0.0115131578947,0.0822368421053,0.875
0.00328947368421,0.965460526316,0.0213815789474,0.00986842105263
0.985197368421,0.00657894736842,0.0,0.00822368421053
0.0822368421053,0.0263157894737,0.194078947368,0.697368421053
0.340460526316,0.199013157895,0.388157894737,0.0723684210526
>JP_LM9,1443
0.118503118503,0.148995148995,0.209286209286,0.523215523216
0.021483021483,0.146223146223,0.0810810810811,0.751212751213
0.019404019404,0.932778932779,0.014553014553,0.033264033264
0.959805959806,0.00970200970201,0.00693000693001,0.023562023562
0.021483021483,0.018018018018,0.948024948025,0.012474012474
0.0595980595981,0.701316701317,0.168399168399,0.0706860706861
0.93762993763,0.017325017325,0.019404019404,0.025641025641
0.016632016632,0.934164934165,0.029799029799,0.019404019404
0.018018018018,0.913374913375,0.015246015246,0.0533610533611
0.538461538462,0.139986139986,0.128898128898,0.192654192654
0.169092169092,0.265419265419,0.125433125433,0.440055440055
0.040887040887,0.014553014553,0.923076923077,0.021483021483
0.021483021483,0.016632016632,0.953568953569,0.00831600831601
0.794871794872,0.129591129591,0.040194040194,0.035343035343
0.011781011781,0.798336798337,0.144144144144,0.045738045738
0.970893970894,0.004158004158,0.011781011781,0.013167013167
0.042273042273,0.018018018018,0.928620928621,0.011088011088
0.137214137214,0.600831600832,0.130977130977,0.130977130977
0.214137214137,0.040194040194,0.424809424809,0.320859320859
0.139293139293,0.573804573805,0.209286209286,0.0776160776161
0.102564102564,0.722106722107,0.031185031185,0.144144144144
>JP_LM10,5914
0.207473791004,0.28626986811,0.162833953331,0.343422387555
0.154886709503,0.100439634765,0.461447412918,0.283226242814
0.0656070341562,0.0145417653027,0.881974974636,0.0378762259046
0.0126817720663,0.0774433547514,0.0104835982415,0.899391274941
0.0125126817721,0.0637470409199,0.0317889753128,0.891951301995
0.109739600947,0.120899560365,0.354920527562,0.414440311126
0.00743997294555,0.918667568482,0.00439634764964,0.0694961109232
0.00946905647616,0.8596550558,0.00169090294217,0.129184984782
0.73537368955,0.10906323977,0.00118363205952,0.15437943862
0.17483936422,0.0522489009131,0.0524179912073,0.720493743659
0.0987487318228,0.00185999323639,0.88772404464,0.011667230301
0.0390598579642,0.0221508285424,0.92661481231,0.0121745011836
0.509976327359,0.326006087251,0.00456543794386,0.159452147447
0.809435238417,0.00913087588772,0.119377747717,0.0620561379777
0.966520121745,0.0142035847142,0.00980723706459,0.00946905647616
0.0228271897193,0.918329387893,0.0152181264795,0.043625295908
0.562901589449,0.285931687521,0.0114981400068,0.139668583023
0.455867433209,0.108725059182,0.349002367264,0.0864051403449
>JP_LM11,262
0.812977099237,0.0648854961832,0.0534351145038,0.0687022900763
0.110687022901,0.0458015267176,0.030534351145,0.812977099237
0.160305343511,0.0,0.80534351145,0.0343511450382
0.179389312977,0.00381679389313,0.786259541985,0.030534351145
0.980916030534,0.00381679389313,0.0114503816794,0.00381679389313
0.969465648855,0.0,0.0152671755725,0.0152671755725
0.820610687023,0.0267175572519,0.13358778626,0.0190839694656
0.0801526717557,0.137404580153,0.0458015267176,0.736641221374
0.179389312977,0.0152671755725,0.759541984733,0.0458015267176
0.00763358778626,0.870229007634,0.0229007633588,0.0992366412214
0.00381679389313,0.0267175572519,0.00763358778626,0.961832061069
0.0648854961832,0.0229007633588,0.893129770992,0.0190839694656
0.958015267176,0.0114503816794,0.0267175572519,0.00381679389313
0.0572519083969,0.889312977099,0.0190839694656,0.0343511450382
0.946564885496,0.0114503816794,0.0229007633588,0.0190839694656
0.0687022900763,0.278625954198,0.587786259542,0.0648854961832
0.793893129771,0.0801526717557,0.103053435115,0.0229007633588
0.309160305344,0.36641221374,0.0992366412214,0.225190839695
0.0496183206107,0.595419847328,0.0534351145038,0.301526717557
0.125954198473,0.675572519084,0.0190839694656,0.179389312977
0.0839694656489,0.0801526717557,0.030534351145,0.80534351145
0.0496183206107,0.0954198473282,0.0763358778626,0.778625954198
0.736641221374,0.0801526717557,0.0610687022901,0.12213740458
0.698473282443,0.0801526717557,0.125954198473,0.0954198473282
>JP_LM12,231
0.21645021645,0.0606060606061,0.61038961039,0.112554112554
0.108225108225,0.030303030303,0.108225108225,0.753246753247
0.0562770562771,0.00865800865801,0.87012987013,0.0649350649351
0.225108225108,0.0909090909091,0.627705627706,0.0562770562771
0.04329004329,0.757575757576,0.021645021645,0.177489177489
0.034632034632,0.78354978355,0.0,0.181818181818
0.034632034632,0.030303030303,0.021645021645,0.91341991342
0.108225108225,0.0692640692641,0.792207792208,0.030303030303
0.87012987013,0.012987012987,0.108225108225,0.00865800865801
0.917748917749,0.012987012987,0.0562770562771,0.012987012987
0.887445887446,0.0,0.0822510822511,0.030303030303
0.0649350649351,0.012987012987,0.865800865801,0.0562770562771
0.87012987013,0.012987012987,0.0779220779221,0.038961038961
0.0995670995671,0.021645021645,0.852813852814,0.025974025974
0.00865800865801,0.0519480519481,0.0,0.939393939394
0.034632034632,0.030303030303,0.012987012987,0.922077922078
0.939393939394,0.025974025974,0.012987012987,0.021645021645
0.939393939394,0.04329004329,0.00865800865801,0.00865800865801
0.04329004329,0.0562770562771,0.0606060606061,0.839826839827
0.125541125541,0.034632034632,0.722943722944,0.116883116883
0.0606060606061,0.541125541126,0.0519480519481,0.34632034632
0.679653679654,0.0606060606061,0.147186147186,0.112554112554
>JP_LM13,41
1.0,0.0,0.0,0.0
0.0,0.0,0.0,1.0
0.0,0.0,1.0,0.0
0.0,1.0,0.0,0.0
0.0,0.0,0.0,1.0
1.0,0.0,0.0,0.0
1.0,0.0,0.0,0.0
0.0,0.0,0.0,1.0
0.0,0.0,0.0,1.0
1.0,0.0,0.0,0.0
0.0,0.0,1.0,0.0
0.0,1.0,0.0,0.0
1.0,0.0,0.0,0.0
>JP_LM14,174
0.316091954023,0.189655172414,0.0804597701149,0.413793103448
0.195402298851,0.327586206897,0.120689655172,0.35632183908
0.695402298851,0.0862068965517,0.114942528736,0.103448275862
0.0229885057471,0.132183908046,0.14367816092,0.701149425287
0.0172413793103,0.885057471264,0.0632183908046,0.0344827586207
0.00574712643678,0.988505747126,0.0,0.00574712643678
0.98275862069,0.0,0.0114942528736,0.00574712643678
0.0229885057471,0.00574712643678,0.954022988506,0.0172413793103
0.879310344828,0.0689655172414,0.051724137931,0.0
0.00574712643678,0.0,0.0,0.994252873563
0.0287356321839,0.00574712643678,0.942528735632,0.0229885057471
0.0,0.0287356321839,0.0287356321839,0.942528735632
0.0,0.051724137931,0.0229885057471,0.925287356322
0.0,0.0287356321839,0.0114942528736,0.959770114943
0.0804597701149,0.0,0.896551724138,0.0229885057471
0.0862068965517,0.0402298850575,0.833333333333,0.0402298850575
0.0919540229885,0.781609195402,0.0287356321839,0.0977011494253
0.712643678161,0.0574712643678,0.0747126436782,0.155172413793
0.0747126436782,0.155172413793,0.172413793103,0.597701149425
0.051724137931,0.603448275862,0.0459770114943,0.298850574713
0.522988505747,0.0977011494253,0.149425287356,0.229885057471
>JP_LM15,314
0.289808917197,0.407643312102,0.0859872611465,0.216560509554
0.87898089172,0.031847133758,0.0541401273885,0.0350318471338
0.031847133758,0.0127388535032,0.00955414012739,0.945859872611
0.0477707006369,0.0254777070064,0.0127388535032,0.914012738854
0.0732484076433,0.0031847133758,0.0191082802548,0.904458598726
0.0382165605096,0.0828025477707,0.843949044586,0.0350318471338
0.0254777070064,0.952229299363,0.015923566879,0.00636942675159
0.971337579618,0.015923566879,0.0031847133758,0.00955414012739
0.0509554140127,0.0031847133758,0.031847133758,0.914012738854
0.143312101911,0.0191082802548,0.792993630573,0.0445859872611
0.213375796178,0.56050955414,0.0509554140127,0.175159235669
0.84076433121,0.00955414012739,0.00636942675159,0.143312101911
0.926751592357,0.00955414012739,0.0350318471338,0.0286624203822
0.980891719745,0.00636942675159,0.0031847133758,0.00955414012739
0.0191082802548,0.00955414012739,0.0031847133758,0.968152866242
0.133757961783,0.0445859872611,0.783439490446,0.0382165605096
0.732484076433,0.0605095541401,0.105095541401,0.101910828025
>JP_LM16,652
0.0521472392638,0.733128834356,0.0306748466258,0.184049079755
0.0414110429448,0.131901840491,0.010736196319,0.815950920245
0.0276073619632,0.125766871166,0.0122699386503,0.834355828221
0.0352760736196,0.0199386503067,0.0812883435583,0.863496932515
0.0889570552147,0.0475460122699,0.840490797546,0.0230061349693
0.88036809816,0.0168711656442,0.0674846625767,0.0352760736196
0.266871165644,0.0291411042945,0.644171779141,0.0598159509202
0.532208588957,0.288343558282,0.0981595092025,0.0812883435583
0.0322085889571,0.0322085889571,0.0521472392638,0.883435582822
0.0291411042945,0.661042944785,0.0613496932515,0.248466257669
0.0506134969325,0.641104294479,0.0168711656442,0.291411042945
0.0828220858896,0.148773006135,0.0613496932515,0.707055214724
0.0567484662577,0.406441717791,0.0950920245399,0.441717791411
0.581288343558,0.00766871165644,0.348159509202,0.0628834355828
0.0766871165644,0.0368098159509,0.878834355828,0.00766871165644
0.86963190184,0.0398773006135,0.0628834355828,0.0276073619632
0.147239263804,0.0168711656442,0.102760736196,0.733128834356
0.153374233129,0.0184049079755,0.794478527607,0.0337423312883
0.930981595092,0.0184049079755,0.0398773006135,0.010736196319
0.957055214724,0.0138036809816,0.0260736196319,0.00306748466258
0.946319018405,0.00306748466258,0.0291411042945,0.021472392638
0.176380368098,0.00766871165644,0.78527607362,0.0306748466258
0.259202453988,0.101226993865,0.579754601227,0.0598159509202
>JP_LM17,171
0.181286549708,0.12865497076,0.12865497076,0.561403508772
0.140350877193,0.239766081871,0.12865497076,0.491228070175
0.216374269006,0.0584795321637,0.157894736842,0.567251461988
0.309941520468,0.105263157895,0.479532163743,0.105263157895
0.0175438596491,0.970760233918,0.00584795321637,0.00584795321637
0.964912280702,0.00584795321637,0.0,0.0292397660819
0.0,0.0,0.0175438596491,0.982456140351
0.105263157895,0.690058479532,0.12865497076,0.0760233918129
0.00584795321637,0.0,0.0,0.994152046784
0.0116959064327,0.105263157895,0.859649122807,0.0233918128655
0.304093567251,0.0877192982456,0.461988304094,0.146198830409
0.0,0.0175438596491,0.00584795321637,0.976608187135
0.0,0.0116959064327,0.0,0.988304093567
0.0,0.00584795321637,0.0175438596491,0.976608187135
0.0116959064327,0.280701754386,0.584795321637,0.122807017544
0.0350877192982,0.883040935673,0.0409356725146,0.0409356725146
0.988304093567,0.00584795321637,0.00584795321637,0.0
0.0116959064327,0.0175438596491,0.00584795321637,0.964912280702
0.19298245614,0.0877192982456,0.140350877193,0.578947368421
0.175438596491,0.111111111111,0.122807017544,0.590643274854
>JP_LM18,334
0.661676646707,0.11377245509,0.0808383233533,0.14371257485
0.0299401197605,0.0209580838323,0.0299401197605,0.919161676647
0.00898203592814,0.0538922155689,0.0419161676647,0.895209580838
0.0359281437126,0.00299401197605,0.0269461077844,0.934131736527
0.11377245509,0.0658682634731,0.784431137725,0.0359281437126
0.0329341317365,0.898203592814,0.00898203592814,0.059880239521
0.925149700599,0.0209580838323,0.00898203592814,0.0449101796407
0.0209580838323,0.0299401197605,0.0179640718563,0.931137724551
0.230538922156,0.350299401198,0.182634730539,0.236526946108
0.0449101796407,0.0239520958084,0.0179640718563,0.913173652695
0.0838323353293,0.497005988024,0.365269461078,0.0538922155689
0.895209580838,0.0419161676647,0.0419161676647,0.0209580838323
0.0179640718563,0.00299401197605,0.0059880239521,0.973053892216
0.0119760479042,0.0209580838323,0.00299401197605,0.964071856287
0.0449101796407,0.0059880239521,0.0149700598802,0.934131736527
0.0808383233533,0.0748502994012,0.778443113772,0.0658682634731
0.0508982035928,0.88622754491,0.00299401197605,0.059880239521
0.949101796407,0.0119760479042,0.0059880239521,0.0329341317365
0.0838323353293,0.0658682634731,0.0149700598802,0.835329341317
>JP_LM19,40
0.05,0.0,0.05,0.9
0.0,0.05,0.95,0.0
0.0,1.0,0.0,0.0
0.0,0.0,0.0,1.0
0.95,0.05,0.0,0.0
0.975,0.0,0.025,0.0
0.0,0.0,0.0,1.0
0.0,0.025,0.0,0.975
0.975,0.0,0.0,0.025
0.0,0.0,1.0,0.0
0.0,0.975,0.025,0.0
0.875,0.025,0.0,0.1
0.075,0.025,0.8,0.1
0.075,0.85,0.05,0.025
0.3,0.325,0.0,0.375
>JP_LM20,537
0.111731843575,0.0,0.0,0.888268156425
0.0,0.0,0.96834264432,0.0316573556797
0.631284916201,0.0,0.238361266294,0.130353817505
0.0,1.0,0.0,0.0
1.0,0.0,0.0,0.0
0.0,0.0,1.0,0.0
0.0465549348231,0.953445065177,0.0,0.0
0.0,0.0,0.0,1.0
0.0,0.0,1.0,0.0
0.0,0.0,0.150837988827,0.849162011173
0.0372439478585,0.787709497207,0.15270018622,0.0223463687151
0.977653631285,0.0223463687151,0.0,0.0
>JP_LM21,223
0.730941704036,0.085201793722,0.067264573991,0.116591928251
0.0403587443946,0.0179372197309,0.0224215246637,0.919282511211
0.00896860986547,0.0224215246637,0.0313901345291,0.937219730942
0.0358744394619,0.00896860986547,0.0134529147982,0.941704035874
0.130044843049,0.0538116591928,0.798206278027,0.0179372197309
0.0179372197309,0.932735426009,0.0,0.0493273542601
0.95067264574,0.00896860986547,0.0,0.0403587443946
0.0224215246637,0.0358744394619,0.0,0.941704035874
0.237668161435,0.313901345291,0.22869955157,0.219730941704
0.0269058295964,0.0224215246637,0.0313901345291,0.919282511211
0.0896860986547,0.538116591928,0.300448430493,0.0717488789238
0.928251121076,0.0134529147982,0.0403587443946,0.0179372197309
0.0134529147982,0.00448430493274,0.00448430493274,0.977578475336
0.00896860986547,0.0358744394619,0.0,0.955156950673
0.0627802690583,0.00448430493274,0.00448430493274,0.928251121076
0.0941704035874,0.0538116591928,0.834080717489,0.0179372197309
0.0313901345291,0.923766816143,0.0,0.0448430493274
0.946188340807,0.00896860986547,0.00448430493274,0.0403587443946
0.0538116591928,0.067264573991,0.00896860986547,0.869955156951
0.488789237668,0.0807174887892,0.233183856502,0.19730941704
>JP_LM22,161
0.0,0.975155279503,0.0124223602484,0.0124223602484
0.981366459627,0.0,0.0,0.0186335403727
0.00621118012422,0.0186335403727,0.900621118012,0.0745341614907
0.136645962733,0.819875776398,0.0124223602484,0.0310559006211
0.0372670807453,0.0186335403727,0.00621118012422,0.937888198758
0.0186335403727,0.0,0.981366459627,0.0
0.0124223602484,0.0310559006211,0.11801242236,0.83850931677
0.0807453416149,0.0186335403727,0.136645962733,0.76397515528
0.403726708075,0.16149068323,0.155279503106,0.27950310559
0.72049689441,0.130434782609,0.111801242236,0.0372670807453
0.614906832298,0.217391304348,0.149068322981,0.0186335403727
0.0124223602484,0.975155279503,0.0,0.0124223602484
0.950310559006,0.0,0.0,0.0496894409938
0.00621118012422,0.00621118012422,0.894409937888,0.0931677018634
0.0186335403727,0.900621118012,0.00621118012422,0.0745341614907
0.155279503106,0.0496894409938,0.00621118012422,0.788819875776
0.0310559006211,0.0621118012422,0.832298136646,0.0745341614907
>JP_LM23,3758
0.641298563065,0.0244811069718,0.271154869611,0.0630654603513
0.0236828100053,0.0675891431613,0.822778073443,0.0859499733901
0.0266098988824,0.728046833422,0.0167642362959,0.2285790314
0.292442788717,0.0298030867483,0.562533262374,0.115220862161
0.0463012240553,0.915114422565,0.0212879191059,0.0172964342735
0.00425758382118,0.984034060671,0.00239489089941,0.00931346460883
0.76689728579,0.190792974987,0.0164981373071,0.0258116019159
0.00292708887706,0.684140500266,0.0202235231506,0.292708887706
0.00532197977648,0.984034060671,0.00478978179883,0.00585417775412
0.0218201170836,0.0178286322512,0.00798296966472,0.952368281001
0.251463544439,0.0319318786589,0.600053219798,0.116551357105
0.0154337413518,0.293241085684,0.661255987227,0.0300691857371
0.0502927088877,0.0319318786589,0.0178286322512,0.899946780202
0.00505588078765,0.00266098988824,0.985098456626,0.00718467269824
0.0364555614689,0.0311335816924,0.898882384247,0.0335284725918
0.153273017563,0.454497072911,0.0582756785524,0.333954230974
0.289781798829,0.444917509313,0.130122405535,0.135178286323
0.548430015966,0.121873336881,0.25119744545,0.078499201703
>JP_LM24,187
0.331550802139,0.00534759358289,0.368983957219,0.294117647059
0.0267379679144,0.117647058824,0.855614973262,0.0
0.860962566845,0.0,0.139037433155,0.0
0.588235294118,0.00534759358289,0.406417112299,0.0
0.994652406417,0.0,0.00534759358289,0.0
0.83422459893,0.0213903743316,0.144385026738,0.0
0.0,1.0,0.0,0.0
1.0,0.0,0.0,0.0
0.0,0.0,1.0,0.0
0.983957219251,0.0160427807487,0.0,0.0
0.0,0.0,0.0,1.0
0.0,0.0,1.0,0.0
0.0,0.0,0.967914438503,0.0320855614973
0.048128342246,0.877005347594,0.0748663101604,0.0
0.636363636364,0.160427807487,0.0,0.20320855615
>JP_LM25,341
0.797653958944,0.0703812316716,0.105571847507,0.0263929618768
0.894428152493,0.0322580645161,0.0733137829912,0.0
0.941348973607,0.0,0.0293255131965,0.0293255131965
0.346041055718,0.00293255131965,0.513196480938,0.137829912023
0.0058651026393,0.137829912023,0.850439882698,0.0058651026393
0.571847507331,0.372434017595,0.00879765395894,0.0469208211144
0.994134897361,0.0,0.0,0.0058651026393
0.99706744868,0.0,0.00293255131965,0.0
0.0117302052786,0.0,0.0,0.988269794721
0.00293255131965,0.0,0.0,0.99706744868
0.0674486803519,0.0,0.469208211144,0.463343108504
0.0351906158358,0.771260997067,0.175953079179,0.0175953079179
0.202346041056,0.392961876833,0.0,0.404692082111
0.0058651026393,0.0058651026393,0.0,0.988269794721
0.00293255131965,0.0645161290323,0.0263929618768,0.906158357771
0.0381231671554,0.0850439882698,0.0557184750733,0.821114369501
>JP_LM26,586
0.203071672355,0.156996587031,0.0580204778157,0.581911262799
0.941979522184,0.0290102389078,0.0204778156997,0.00853242320819
0.977815699659,0.00511945392491,0.00682593856655,0.0102389078498
0.959044368601,0.00853242320819,0.0153583617747,0.0170648464164
0.0170648464164,0.962457337884,0.0119453924915,0.00853242320819
0.976109215017,0.0136518771331,0.00341296928328,0.00682593856655
0.0102389078498,0.977815699659,0.0102389078498,0.00170648464164
0.984641638225,0.00170648464164,0.00170648464164,0.0119453924915
0.00853242320819,0.00853242320819,0.967576791809,0.0153583617747
0.0119453924915,0.965870307167,0.018771331058,0.00341296928328
0.00853242320819,0.00511945392491,0.00341296928328,0.982935153584
0.0102389078498,0.0204778156997,0.955631399317,0.0136518771331
0.0716723549488,0.180887372014,0.122866894198,0.62457337884
>JP_LM27,211
0.848341232227,0.0616113744076,0.0331753554502,0.0568720379147
0.0142180094787,0.00473933649289,0.0142180094787,0.96682464455
0.0142180094787,0.0284360189573,0.0142180094787,0.943127962085
0.0710900473934,0.00473933649289,0.00473933649289,0.919431279621
0.0710900473934,0.0379146919431,0.872037914692,0.0189573459716
0.0189573459716,0.943127962085,0.0,0.0379146919431
0.943127962085,0.00947867298578,0.00473933649289,0.042654028436
0.0568720379147,0.0189573459716,0.0189573459716,0.905213270142
0.142180094787,0.350710900474,0.284360189573,0.222748815166
0.00947867298578,0.0284360189573,0.0331753554502,0.928909952607
0.113744075829,0.649289099526,0.203791469194,0.0331753554502
0.947867298578,0.0189573459716,0.0142180094787,0.0189573459716
0.0521327014218,0.00947867298578,0.00947867298578,0.928909952607
0.0142180094787,0.0331753554502,0.0,0.952606635071
0.298578199052,0.00947867298578,0.0189573459716,0.672985781991
0.104265402844,0.0568720379147,0.81990521327,0.0189573459716
0.0236966824645,0.938388625592,0.00473933649289,0.0331753554502
0.85308056872,0.0331753554502,0.00473933649289,0.109004739336
>JP_LM28,602
0.64950166113,0.00996677740864,0.156146179402,0.18438538206
0.14950166113,0.127906976744,0.697674418605,0.0249169435216
0.862126245847,0.093023255814,0.0232558139535,0.0215946843854
0.895348837209,0.046511627907,0.046511627907,0.0116279069767
0.0348837209302,0.960132890365,0.00166112956811,0.00332225913621
0.985049833887,0.00664451827243,0.0,0.00830564784053
0.00996677740864,0.0282392026578,0.28903654485,0.672757475083
0.0215946843854,0.958471760797,0.00664451827243,0.0132890365449
0.00996677740864,0.00166112956811,0.0,0.988372093023
0.00996677740864,0.00332225913621,0.983388704319,0.00332225913621
0.00664451827243,0.0730897009967,0.0132890365449,0.906976744186
0.00498338870432,0.031561461794,0.0365448504983,0.926910299003
0.0199335548173,0.0249169435216,0.0647840531561,0.890365448505
0.0116279069767,0.71926910299,0.117940199336,0.151162790698
0.225913621262,0.387043189369,0.014950166113,0.372093023256
>JP_LM29,62
0.306451612903,0.0,0.0967741935484,0.596774193548
0.0,0.0,0.887096774194,0.112903225806
0.0,0.983870967742,0.0161290322581,0.0
0.0161290322581,0.0161290322581,0.0,0.967741935484
0.935483870968,0.0,0.0322580645161,0.0322580645161
0.935483870968,0.0161290322581,0.0,0.0483870967742
0.0483870967742,0.0,0.0,0.951612903226
0.0,0.0,0.0161290322581,0.983870967742
0.0967741935484,0.0161290322581,0.806451612903,0.0806451612903
0.0967741935484,0.870967741935,0.0322580645161,0.0
0.967741935484,0.0,0.0,0.0322580645161
0.935483870968,0.0161290322581,0.0322580645161,0.0161290322581
0.983870967742,0.0161290322581,0.0,0.0
0.0,0.0,0.0483870967742,0.951612903226
0.0,0.0645161290323,0.91935483871,0.0161290322581
>JP_LM30,153
0.0980392156863,0.790849673203,0.0,0.111111111111
0.0,0.0653594771242,0.0,0.934640522876
0.00653594771242,0.0130718954248,0.0718954248366,0.908496732026
0.0261437908497,0.0,0.0326797385621,0.941176470588
0.0,0.0,1.0,0.0
1.0,0.0,0.0,0.0
1.0,0.0,0.0,0.0
1.0,0.0,0.0,0.0
0.0,0.0,0.0,1.0
0.0,0.0,0.967320261438,0.0326797385621
0.0,0.078431372549,0.0,0.921568627451
0.104575163399,0.843137254902,0.0,0.0522875816993
1.0,0.0,0.0,0.0
0.692810457516,0.18954248366,0.0653594771242,0.0522875816993
0.40522875817,0.0522875816993,0.130718954248,0.411764705882
>JP_LM31,458
0.089519650655,0.548034934498,0.10480349345,0.257641921397
0.061135371179,0.187772925764,0.0414847161572,0.7096069869
0.0196506550218,0.0436681222707,0.00873362445415,0.927947598253
0.0196506550218,0.0502183406114,0.0262008733624,0.903930131004
0.0545851528384,0.0873362445415,0.0349344978166,0.823144104803
0.028384279476,0.823144104803,0.0349344978166,0.113537117904
0.842794759825,0.0545851528384,0.0393013100437,0.0633187772926
0.0218340611354,0.0371179039301,0.0327510917031,0.908296943231
0.0196506550218,0.757641921397,0.0371179039301,0.185589519651
0.0174672489083,0.0414847161572,0.00436681222707,0.936681222707
0.0196506550218,0.028384279476,0.0371179039301,0.914847161572
0.0327510917031,0.886462882096,0.0305676855895,0.0502183406114
0.936681222707,0.0414847161572,0.0109170305677,0.0109170305677
0.906113537118,0.0262008733624,0.0502183406114,0.0174672489083
0.956331877729,0.00218340611354,0.0240174672489,0.0174672489083
0.061135371179,0.0240174672489,0.866812227074,0.0480349344978
0.126637554585,0.451965065502,0.0851528384279,0.336244541485
0.486899563319,0.124454148472,0.28384279476,0.10480349345
0.115720524017,0.609170305677,0.0960698689956,0.17903930131
0.0786026200873,0.10480349345,0.028384279476,0.788209606987
0.0764192139738,0.089519650655,0.0436681222707,0.7903930131
0.056768558952,0.17903930131,0.106986899563,0.657205240175
>JP_LM32,665
0.114285714286,0.699248120301,0.0706766917293,0.115789473684
0.0421052631579,0.0,0.0015037593985,0.956390977444
0.0,0.00751879699248,0.987969924812,0.00451127819549
0.959398496241,0.00451127819549,0.0105263157895,0.0255639097744
0.00751879699248,0.984962406015,0.00451127819549,0.00300751879699
0.966917293233,0.0270676691729,0.00300751879699,0.00300751879699
0.00601503759398,0.00601503759398,0.00300751879699,0.984962406015
0.00751879699248,0.00601503759398,0.00601503759398,0.98045112782
0.00451127819549,0.00751879699248,0.00601503759398,0.981954887218
0.0751879699248,0.35037593985,0.178947368421,0.395488721805
0.15037593985,0.762406015038,0.0601503759398,0.0270676691729
0.95037593985,0.0375939849624,0.0015037593985,0.0105263157895
0.900751879699,0.015037593985,0.0526315789474,0.0315789473684
0.778947368421,0.0255639097744,0.175939849624,0.0195488721805
>JP_LM33,289
0.138408304498,0.128027681661,0.626297577855,0.107266435986
0.363321799308,0.0622837370242,0.128027681661,0.446366782007
0.910034602076,0.0207612456747,0.0415224913495,0.0276816608997
0.941176470588,0.0103806228374,0.0242214532872,0.0242214532872
0.114186851211,0.0692041522491,0.0726643598616,0.743944636678
0.0207612456747,0.0,0.134948096886,0.844290657439
0.124567474048,0.0,0.858131487889,0.0173010380623
0.114186851211,0.0934256055363,0.747404844291,0.0449826989619
0.889273356401,0.0346020761246,0.0484429065744,0.0276816608997
0.948096885813,0.0138408304498,0.0207612456747,0.0173010380623
0.847750865052,0.0692041522491,0.0692041522491,0.0138408304498
0.0346020761246,0.944636678201,0.00692041522491,0.0138408304498
0.958477508651,0.00346020761246,0.0,0.038062283737
0.00692041522491,0.0242214532872,0.608996539792,0.359861591696
0.0207612456747,0.896193771626,0.038062283737,0.0449826989619
0.0415224913495,0.00346020761246,0.0,0.955017301038
0.00346020761246,0.0,0.965397923875,0.0311418685121
>JP_LM34,316
0.174050632911,0.0474683544304,0.164556962025,0.613924050633
0.136075949367,0.306962025316,0.414556962025,0.142405063291
0.857594936709,0.0886075949367,0.0189873417722,0.0348101265823
0.0221518987342,0.00632911392405,0.00316455696203,0.96835443038
0.0,0.0221518987342,0.00632911392405,0.971518987342
0.0316455696203,0.0,0.00632911392405,0.962025316456
0.0854430379747,0.0569620253165,0.794303797468,0.0632911392405
0.123417721519,0.835443037975,0.00632911392405,0.0348101265823
0.905063291139,0.0316455696203,0.0,0.0632911392405
0.0696202531646,0.0316455696203,0.0126582278481,0.886075949367
0.0284810126582,0.0,0.0632911392405,0.908227848101
0.0949367088608,0.0949367088608,0.512658227848,0.29746835443
0.0348101265823,0.806962025316,0.0632911392405,0.0949367088608
0.962025316456,0.0126582278481,0.00632911392405,0.0189873417722
0.914556962025,0.00316455696203,0.0759493670886,0.00632911392405
0.987341772152,0.0,0.00316455696203,0.00949367088608
0.117088607595,0.0221518987342,0.0316455696203,0.829113924051
0.151898734177,0.0506329113924,0.658227848101,0.139240506329
0.462025316456,0.20253164557,0.164556962025,0.170886075949
>JP_LM35,78
0.179487179487,0.128205128205,0.102564102564,0.589743589744
0.166666666667,0.102564102564,0.641025641026,0.0897435897436
0.935897435897,0.0128205128205,0.0512820512821,0.0
0.0,0.923076923077,0.0384615384615,0.0384615384615
0.0,0.0128205128205,0.0,0.987179487179
0.0,0.0,0.0,1.0
0.0,0.974358974359,0.0128205128205,0.0128205128205
1.0,0.0,0.0,0.0
0.974358974359,0.0,0.0128205128205,0.0128205128205
0.987179487179,0.0,0.0,0.0128205128205
0.0384615384615,0.0,0.948717948718,0.0128205128205
0.102564102564,0.0,0.897435897436,0.0
0.320512820513,0.0769230769231,0.602564102564,0.0
0.923076923077,0.0384615384615,0.0128205128205,0.025641025641
0.0641025641026,0.0,0.884615384615,0.0512820512821
0.0384615384615,0.74358974359,0.0641025641026,0.153846153846
0.0641025641026,0.0897435897436,0.0,0.846153846154
0.0512820512821,0.448717948718,0.24358974359,0.25641025641
>JP_LM36,146
0.0684931506849,0.0,0.808219178082,0.123287671233
0.0,0.0,1.0,0.0
1.0,0.0,0.0,0.0
1.0,0.0,0.0,0.0
1.0,0.0,0.0,0.0
0.561643835616,0.0,0.0,0.438356164384
0.0,0.0,0.472602739726,0.527397260274
0.00684931506849,0.376712328767,0.239726027397,0.376712328767
0.657534246575,0.253424657534,0.0684931506849,0.0205479452055
0.719178082192,0.280821917808,0.0,0.0
0.260273972603,0.0,0.0,0.739726027397
0.0,0.0,0.0,1.0
0.0,0.0,0.0,1.0
0.0,0.0,0.102739726027,0.897260273973
0.0,1.0,0.0,0.0
0.205479452055,0.609589041096,0.0,0.184931506849
0.0479452054795,0.00684931506849,0.0,0.945205479452
>JP_LM37,78
0.166666666667,0.564102564103,0.025641025641,0.24358974359
0.948717948718,0.025641025641,0.0,0.025641025641
0.0128205128205,0.0,0.0128205128205,0.974358974359
0.0,0.0,1.0,0.0
0.0128205128205,0.923076923077,0.0128205128205,0.0512820512821
1.0,0.0,0.0,0.0
1.0,0.0,0.0,0.0
1.0,0.0,0.0,0.0
0.0,0.0,0.0,1.0
0.0128205128205,0.025641025641,0.961538461538,0.0
0.987179487179,0.0,0.0,0.0128205128205
0.0512820512821,0.0512820512821,0.897435897436,0.0
0.0,0.730769230769,0.179487179487,0.0897435897436
0.102564102564,0.820512820513,0.0384615384615,0.0384615384615
0.153846153846,0.538461538462,0.0,0.307692307692
>JP_LM38,45
0.0,0.0,0.844444444444,0.155555555556
0.0,0.888888888889,0.0666666666667,0.0444444444444
0.933333333333,0.0444444444444,0.0,0.0222222222222
1.0,0.0,0.0,0.0
0.933333333333,0.0,0.0,0.0666666666667
0.0,0.0,0.0444444444444,0.955555555556
0.0222222222222,0.0,0.0444444444444,0.933333333333
0.977777777778,0.0,0.0,0.0222222222222
0.0,0.0,1.0,0.0
0.0444444444444,0.955555555556,0.0,0.0
0.977777777778,0.0,0.0,0.0222222222222
0.0,0.0444444444444,0.866666666667,0.0888888888889
0.0,0.911111111111,0.0,0.0888888888889
0.0444444444444,0.0222222222222,0.0,0.933333333333
>JP_LM39,711
0.129395218003,0.163150492264,0.270042194093,0.43741209564
0.116736990155,0.527426160338,0.0942334739803,0.261603375527
0.180028129395,0.084388185654,0.182841068917,0.552742616034
0.0478199718706,0.0028129395218,0.925457102672,0.0239099859353
0.0056258790436,0.028129395218,0.0112517580872,0.954992967651
0.0239099859353,0.393811533052,0.0070323488045,0.575246132208
0.0365682137834,0.0182841068917,0.0857946554149,0.85935302391
0.0014064697609,0.981715893108,0.0042194092827,0.0126582278481
0.0014064697609,0.96905766526,0.0,0.0295358649789
0.372714486639,0.115330520394,0.0014064697609,0.510548523207
0.482419127989,0.0098452883263,0.0604781997187,0.447257383966
0.0239099859353,0.0,0.971870604782,0.0042194092827
0.0042194092827,0.0028129395218,0.990154711674,0.0028129395218
0.697609001406,0.122362869198,0.0450070323488,0.135021097046
0.964838255977,0.0112517580872,0.0168776371308,0.0070323488045
0.983122362869,0.0098452883263,0.0028129395218,0.0042194092827
0.0070323488045,0.945147679325,0.0295358649789,0.0182841068917
0.388185654008,0.403656821378,0.0464135021097,0.161744022504
>JP_LM40,381
0.0577427821522,0.136482939633,0.0629921259843,0.742782152231
0.0603674540682,0.732283464567,0.0472440944882,0.160104986877
0.0892388451444,0.666666666667,0.00787401574803,0.236220472441
0.0813648293963,0.727034120735,0.0209973753281,0.170603674541
0.784776902887,0.0603674540682,0.0446194225722,0.110236220472
0.0551181102362,0.288713910761,0.0761154855643,0.580052493438
0.0577427821522,0.0603674540682,0.0551181102362,0.826771653543
0.325459317585,0.0367454068241,0.616797900262,0.0209973753281
0.845144356955,0.0183727034121,0.11811023622,0.0183727034121
0.0524934383202,0.813648293963,0.0288713910761,0.10498687664
0.209973753281,0.0446194225722,0.0997375328084,0.645669291339
0.0157480314961,0.0656167979003,0.0209973753281,0.897637795276
0.0157480314961,0.721784776903,0.010498687664,0.251968503937
0.952755905512,0.0131233595801,0.0183727034121,0.0157480314961
0.874015748031,0.0236220472441,0.0866141732283,0.0157480314961
0.522309711286,0.00787401574803,0.00524934383202,0.464566929134
0.0761154855643,0.00787401574803,0.892388451444,0.0236220472441
0.149606299213,0.0131233595801,0.805774278215,0.0314960629921
0.204724409449,0.0682414698163,0.692913385827,0.0341207349081
0.905511811024,0.0157480314961,0.0498687664042,0.0288713910761
0.278215223097,0.0498687664042,0.619422572178,0.0524934383202
0.0918635170604,0.42782152231,0.0656167979003,0.41469816273
0.0997375328084,0.146981627297,0.0367454068241,0.716535433071
>JP_LM41,468
0.147435897436,0.542735042735,0.0790598290598,0.230769230769
0.0277777777778,0.017094017094,0.0042735042735,0.950854700855
0.017094017094,0.034188034188,0.0149572649573,0.933760683761
0.0491452991453,0.00213675213675,0.0192307692308,0.929487179487
0.0213675213675,0.0811965811966,0.867521367521,0.0299145299145
0.944444444444,0.017094017094,0.0277777777778,0.0106837606838
0.856837606838,0.0320512820513,0.0106837606838,0.100427350427
0.944444444444,0.00854700854701,0.00854700854701,0.0384615384615
0.0,0.0,0.00641025641026,0.99358974359
0.0106837606838,0.0,0.918803418803,0.0705128205128
0.0192307692308,0.797008547009,0.0405982905983,0.143162393162
0.358974358974,0.0192307692308,0.00213675213675,0.619658119658
0.952991452991,0.00213675213675,0.0320512820513,0.0128205128205
