>HO_NFE2_HUMAN.H10MO.B,1433
0.39971947491835397,0.19586615607769997,0.27788853626259497,0.12652583274135099
0.188168171547429,0.297218054595839,0.41008645168430796,0.104527322172424
0.25135157477008,0.355120135263656,0.274308546791977,0.11921974317428702
0.6133897301432313,0.03487035564801792,0.3045878896718732,0.047152024536877536
0.02706643519274615,0.005589893739011768,0.05584665925500498,0.9114970118132371
0.006321826522914818,0.06426861209921628,0.9221679609141202,0.007241600463748736
0.9348670426479468,0.008744329719195702,0.018745252005446158,0.03764337562741132
0.05832126441089348,0.7737939747279078,0.14647734625235295,0.021407414608845793
0.11793936473125781,0.037030157155550546,0.04013111152135194,0.8048993665918397
0.07081926671582246,0.8136664548832455,0.06641906948201116,0.04909520891892097
0.7975833654811988,0.056690193009246624,0.0740056292174488,0.0717208122921057
0.052097800586350586,0.006716940680597008,0.9034490779186927,0.03773618081435969
0.020260935823440174,0.8571501074362999,0.027075035723139265,0.09551392101712057
0.703472093890001,0.050293735896977,0.100605010331117,0.145629159881905
>HO_VDR_HUMAN.H10MO.B,500
0.38649730766405527,0.06795140704538588,0.43389175647511535,0.11165952881544355
0.4526932887546954,0.009691459788381089,0.5132315548166237,0.024383696640299716
0.13232053003939476,0.005728343533750811,0.8183407870260643,0.04361033940079015
0.03024886673196878,0.019203590968964474,0.8279516786755405,0.12259586362352623
0.08032922124685847,0.0746405521485137,0.22955654462479952,0.6154736819798283
0.032682121397467956,0.7203147450508655,0.17313810924831866,0.07386502430334782
0.8102301190269825,0.022339198346720802,0.07761021625429985,0.08982046637199692
0.1466684754153052,0.32877736722821355,0.3597675370282876,0.1647866203281937
0.28027880986709086,0.17552085147111268,0.22693000044126818,0.3172703382205283
0.21194450419919256,0.06266222858383058,0.6981521090125082,0.027241158204468638
0.5319787432472572,0.01769976215394781,0.42379572337642213,0.02652577122237281
0.05353423890230412,0.011270934927709687,0.8912751043316812,0.04391972183830494
0.04579281045619359,0.03329184319072837,0.4585425883801512,0.4623727579729268
0.12951562640035305,0.0864074881536809,0.2339735861879592,0.5501032992580068
0.03401598794192382,0.5801602000144137,0.23220865055452183,0.15361516148914067
0.6757424333168359,0.07657584452660207,0.17884302987168765,0.06883869228487434
>HO_FOXP3_HUMAN.H10MO.D,9
0.6527777777777779,0.0,0.09722222222222218,0.24999999999999994
0.875,0.0,0.0,0.125
0.0,0.0,0.0,1.0
0.0,0.19444444444444423,0.3194444444444443,0.4861111111111116
0.0,0.0,0.09722222222222218,0.9027777777777778
0.0,0.0,0.9027777777777778,0.09722222222222218
0.375,0.0,0.166666666666667,0.4583333333333329
0.12499999999999994,0.0,0.06944444444444438,0.8055555555555557
0.194444444444444,0.0,0.0,0.805555555555556
>HO_TYY1_HUMAN.H10MO.A,1600
0.222014478984027,0.5457349949781748,0.14320107289379394,0.0890494531440042
0.9089530848052099,0.02463572332840794,0.03799090937160786,0.028420282494774244
0.8985388331840783,0.03693159096406099,0.025656270478318418,0.03887330537354219
0.28275253626342034,0.16532870686895912,0.4703272820763802,0.08159147479124046
0.9938707162727928,0.003224933995598618,0.0,0.0029043497316085507
0.0016774633483701792,0.0,0.0005138525843387046,0.9978086840672911
0.001095010796852756,0.0,0.9989049892031472,0.0
0.0285012081387174,0.0006381091286624214,0.9520808235703713,0.01877985916224893
0.12817039263910976,0.7613150579953268,0.012773920282179487,0.09774062908338406
0.10130144376115414,0.19597342416966307,0.5841075995410745,0.11861753252810837
0.13451882119030992,0.11603100710899453,0.6242045442333316,0.125245627467364
0.13596802473629,0.6526870825961941,0.10101136971793889,0.11033352294957703
>HO_MGAP_HUMAN.H10MO.D,6176
0.6506233808290155,0.046672603626943004,0.1949886658031088,0.10771534974093264
0.11674222797927461,0.08646373056994819,0.742389896373057,0.054404145077720206
0.014167746113989637,0.020482512953367876,0.9502104922279793,0.015139248704663212
0.01011981865284974,0.09804080310880829,0.01011981865284974,0.8817195595854922
0.00016191709844559586,0.00016191709844559586,0.9995142487046632,0.00016191709844559586
0.024287564766839378,0.07561528497409327,0.01133419689119171,0.8887629533678757
0.01246761658031088,0.05699481865284974,0.7613341968911918,0.16920336787564766
0.9590349740932642,0.0024287564766839378,0.033031088082901554,0.005505181347150259
0.5673575129533679,0.09196891191709844,0.09196891191709844,0.24870466321243523
0.44009067357512954,0.03562176165803109,0.05958549222797927,0.4647020725388601
0.1403011658031088,0.03408354922279793,0.025501943005181348,0.8001133419689119
0.09885038860103627,0.08055375647668393,0.03845531088082901,0.7821405440414507
0.03351683937823834,0.03416450777202073,0.005505181347150259,0.9268134715025906
0.12613341968911918,0.7713730569948186,0.06735751295336788,0.0351360103626943
0.654630829015544,0.027202072538860103,0.21632124352331605,0.1018458549222798
0.008338730569948187,0.9728788860103627,0.006881476683937824,0.011900906735751296
>HO_NR0B1_HUMAN.H10MO.D,9
0.02302631578947373,0.24671052631578932,0.6151315789473689,0.11513157894736815
0.342105263157895,0.657894736842105,0.0,0.0
0.10526315789473698,0.0,0.8947368421052629,0.0
0.11842105263157901,0.0,0.355263157894737,0.526315789473684
0.0,0.0,1.0,0.0
0.0,0.197368421052632,0.802631578947368,0.0
0.21052631578947395,0.0,0.6842105263157889,0.10526315789473698
0.763157894736842,0.11842105263157901,0.11842105263157901,0.0
0.197368421052632,0.368421052631579,0.434210526315789,0.0
0.565789473684211,0.0,0.434210526315789,0.0
>HO_P73_HUMAN.H10MO.A,500
0.27035402192183916,0.1293291967051232,0.46068709176851624,0.13962968960452143
0.21844279569293626,0.053770115205279016,0.5633614495580206,0.16442563954376413
0.34891293784197164,0.011716634148288363,0.6000421855678596,0.03932824244188032
0.007843097882309063,0.9560068717008886,0.017677375640959687,0.018472654775842718
0.7372475999509942,0.08184903815924922,0.11466881571901284,0.06623454617074383
0.27881521838117934,0.014091810538099048,0.14820499632202308,0.5588879747586986
0.0018789200265133636,0.0017898613298354504,0.9944400347244856,0.0018911839191654905
0.07620962993396647,0.3717860204620935,0.04717746510604065,0.5048268844978994
0.07994896697329167,0.5527625405118578,0.02162909762050973,0.3456593948943409
0.18528456702249813,0.014378121520346837,0.24244528379302258,0.5578920276641325
0.07199410049463716,0.13687071671066292,0.7567652768309135,0.03436990596378633
0.24454589445931582,0.10942278494404473,0.49002168038911786,0.15600964020752162
0.4539042328070723,0.003565915401907975,0.4616700226148735,0.08085982917614624
0.0019719600804314233,0.9941224524860657,0.0018662282383275523,0.0020393591951753404
0.5505545115520186,0.11071794882342531,0.014102665856607601,0.3246248737679485
0.11635590442207148,0.06333118144891561,0.11539226114714644,0.7049206529818663
0.029295210980229056,0.002393494507637301,0.9663266794387388,0.0019846150733948305
0.1313497550910088,0.4455098034973531,0.027896908188905094,0.39524353322273303
0.17892645877820348,0.4937779012116509,0.06853467196757179,0.25876096804257387
0.13918732492756358,0.27248442954600777,0.19974282329682955,0.38858542222959913
>HO_HNF6_HUMAN.H10MO.C,24
0.319047619047619,0.0809523809523809,0.180952380952381,0.41904761904761906
0.3095238095238093,0.15714285714285717,0.0,0.5333333333333335
0.09047619047619047,0.15714285714285695,0.042857142857142885,0.7095238095238098
1.0,0.0,0.0,0.0
0.0,0.0,0.0,1.0
0.0,0.04761904761904757,0.12857142857142892,0.8238095238095235
0.0,0.0,1.0,0.0
0.9571428571428572,0.0,0.042857142857142906,0.0
0.0,0.295238095238095,0.0,0.704761904761905
0.0809523809523809,0.047619047619047596,0.0904761904761905,0.780952380952381
0.204761904761905,0.114285714285714,0.0,0.6809523809523809
0.3142857142857139,0.12857142857142898,0.07619047619047617,0.48095238095238085
0.24761904761904785,0.09047619047619045,0.28095238095238084,0.38095238095238076
0.305952380952381,0.205952380952381,0.129761904761905,0.358333333333333
>HO_RUNX3_HUMAN.H10MO.C,500
0.1707942667791633,0.2097749347981832,0.3032643477554237,0.31616645066722976
0.1342724467919418,0.19262569485154807,0.21741542718305304,0.45568643117345703
0.07281940644322683,0.38365695315241327,0.10113053213144381,0.44239310827291606
0.03751018640721503,0.014381749639005232,0.010060792943100982,0.9380472710106788
0.002126247058642595,0.005816921137306099,0.9843361170302711,0.007720714773780176
0.030715181796148277,0.09949140428248426,0.0,0.8697934139213674
0.0,0.0,0.9980880013989644,0.0019119986010355866
0.0,0.0,0.9859525554355419,0.014047444564458082
0.0,0.05383116683254719,0.015407031063117936,0.9307618021043349
0.039841748931131245,0.17491240331127653,0.08789078614645446,0.6973550616111378
0.3336926444541959,0.0040173196280502005,0.1219339362493242,0.5403560996684297
>HO_TBX2_HUMAN.H10MO.D,8
0.194078947368421,0.194078947368421,0.0625,0.549342105263158
0.118421052631579,0.131578947368421,0.513157894736842,0.236842105263158
0.263157894736842,0.486842105263158,0.25,0.0
0.368421052631579,0.381578947368421,0.118421052631579,0.131578947368421
0.5,0.236842105263158,0.0,0.263157894736842
0.368421052631579,0.131578947368421,0.118421052631579,0.381578947368421
0.0,0.881578947368421,0.0,0.118421052631579
0.5263157894736841,0.23684210526315802,0.0,0.23684210526315802
0.131578947368421,0.25,0.381578947368421,0.236842105263158
0.868421052631579,0.0,0.0,0.131578947368421
0.131578947368421,0.0,0.868421052631579,0.0
0.131578947368421,0.0,0.868421052631579,0.0
0.131578947368421,0.0,0.0,0.868421052631579
0.0,0.0,0.868421052631579,0.131578947368421
0.263157894736842,0.0,0.0,0.736842105263158
0.0,0.131578947368421,0.868421052631579,0.0
0.868421052631579,0.131578947368421,0.0,0.0
0.5,0.0,0.5,0.0
0.5,0.236842105263158,0.263157894736842,0.0
0.381578947368421,0.25,0.0,0.368421052631579
0.118421052631579,0.0,0.644736842105263,0.236842105263158
0.131578947368421,0.486842105263158,0.131578947368421,0.25
0.0,0.368421052631579,0.513157894736842,0.118421052631579
0.513157894736842,0.368421052631579,0.118421052631579,0.0
0.190789473684211,0.44078947368421,0.177631578947368,0.190789473684211
>HO_ZIC4_HUMAN.H10MO.D,4313
0.20449802921400417,0.09830744261534895,0.38349176907025273,0.31370275910039414
0.1359842337120334,0.6808485972640853,0.10051008578715512,0.08265708323672617
0.406329700904243,0.0740783677254811,0.36250869464409924,0.15708323672617666
0.0037676791096684444,0.9831323904474844,0.0030721075817296546,0.010027822861117551
0.6655460236494319,0.15870623695803385,0.08010665430095061,0.09564108509158359
0.21985856712265245,0.007709251101321586,0.7719105031300719,0.0005216786459540923
0.0006955715279387897,0.8859262694180385,0.00023185717597959656,0.11314630187804313
0.1634593090656156,0.0,0.8356132622304661,0.0009274287039183863
0.0,0.0,0.996522142360306,0.0034778576396939484
0.0,0.0,1.0,0.0
0.016461859494551357,0.00741942963134709,0.9260375608625087,0.050081150011592857
0.005622536517505217,0.007013679573382796,0.9335149547878507,0.0538488291212613
0.06990493855784836,0.06828193832599119,0.7747507535358219,0.08706236958033851
0.07633897519128217,0.1751101321585903,0.12734755390679342,0.6212033387433341
0.22797356828193832,0.4939137491305356,0.15934384419197775,0.11876883839554835
>HO_CDC5L_HUMAN.H10MO.D,10
0.15,0.15,0.65,0.05
0.0,0.2,0.4,0.4
0.2,0.0,0.8,0.0
0.5,0.1,0.1,0.3
0.0,0.1,0.3,0.6
0.2,0.0,0.2,0.6
0.1,0.0,0.0,0.9
0.9,0.0,0.1,0.0
0.8,0.0,0.0,0.2
0.1,0.6,0.0,0.3
0.6,0.0,0.3,0.1
0.2,0.1,0.0,0.7
0.8,0.1,0.1,0.0
0.6,0.0,0.1,0.3
0.075,0.275,0.175,0.475
>HO_PPARG_HUMAN.H10MO.A,499
0.5738405343387928,0.1227657641461041,0.11558419775783385,0.18780950375726918
0.5116851083826971,0.03143483794666399,0.12927189538173314,0.3276081582889058
0.10502819474889172,0.3379716172986787,0.36177781217259763,0.1952223757798319
0.07124525112376956,0.1544066998189802,0.10088111463552547,0.6734669344217248
0.38728417946430044,0.029047977026257946,0.511641300279145,0.07202654323029663
0.11241507477923147,0.0,0.7954101394050396,0.0921747858157289
0.15818538697416337,0.013484865729877003,0.7787759317952494,0.049553815500710155
0.15612018657029061,0.156346521987724,0.4055388927002375,0.28199439874174786
0.13468783701653805,0.508128835279341,0.23484416199467348,0.12233916570944744
0.9555252974366664,0.01446830692191041,0.023904675323272558,0.006101720318150699
0.6923108221685831,0.03406209041079819,0.23427795413393762,0.03934913328668112
0.8207088004320358,0.004181233506755622,0.17134736148266166,0.0037626045785469136
0.13575307881186516,0.004165804328455854,0.833765344307616,0.026315772552062994
0.08091141615766712,0.004368968137800379,0.7656441622919692,0.14907545341256329
0.035824304673797956,0.09871221818711035,0.3741588128019099,0.49130466433718173
0.12214985938329079,0.5550806789903295,0.19151372198486993,0.13125573964150988
0.7436543514773645,0.0555967816135766,0.0940709452199821,0.10667792168907676
>HO_ATF2_HUMAN.H10MO.B,90
0.2913793103448275,0.2417241379310346,0.36862068965517236,0.09827586206896544
0.0,0.0,0.0,1.0
0.0,0.02344827586206899,0.9517241379310346,0.02482758620689659
1.0,0.0,0.0,0.0
0.011034482758620697,0.7710344827586209,0.07862068965517248,0.13931034482758597
0.0,0.031724137931034485,0.9241379310344828,0.04413793103448278
0.05379310344827587,0.09379310344827596,0.02482758620689659,0.8275862068965516
0.3144827586206897,0.5179310344827586,0.08000000000000003,0.08758620689655172
0.785862068965517,0.08931034482758632,0.0658620689655173,0.05896551724137939
>HO_PBX3_HUMAN.H10MO.B,1846
0.10955411760234687,0.37965937410287753,0.17058572592575383,0.3402007823690217
0.07345194702188318,0.21996268667002597,0.27779120254735296,0.4287941637607379
0.06127691734366428,0.39072509828584084,0.17929074952547291,0.3687072348450219
0.06236428490598154,0.17871964578163713,0.021829494143261814,0.7370865751691195
0.0058721750952074915,0.21378520612964008,0.7254422977627942,0.05490032101235812
0.9762756230833582,0.0,0.004783778942494346,0.018940597974147426
0.0,0.031177423424341807,0.08328954998474093,0.8855330265909173
0.0005171068767308674,0.0,0.007802732753261456,0.9916801603700077
0.0,0.0009277179991899636,0.9892789654445038,0.009793316556306298
0.3737644662725208,0.00026086886603252584,0.6259746648614466,0.0
0.1304505837260332,0.5166332092257486,0.024647076333236834,0.3282691307149814
0.18201234498018198,0.158747965697288,0.19396934511446898,0.46527034420806096
0.18018711132516907,0.09427226663934463,0.5185626001559862,0.2069780218795001
0.230327282886141,0.179286644209268,0.428360220131738,0.162025852772853
>HO_FOXC1_HUMAN.H10MO.C,26
0.1346153846153849,0.48076923076923056,0.17307692307692282,0.21153846153846184
0.346153846153846,0.07692307692307691,0.346153846153846,0.23076923076923103
0.26923076923076905,0.153846153846154,0.07692307692307691,0.5000000000000001
0.0,0.0,0.0,1.0
0.0,0.0,1.0,0.0
0.03846153846153852,0.0,0.0,0.9615384615384616
0.03846153846153852,0.0,0.0,0.9615384615384616
0.0,0.0,0.03846153846153852,0.9615384615384616
0.9615384615384616,0.0,0.0,0.03846153846153852
0.0,0.7307692307692311,0.0,0.26923076923076905
0.230769230769231,0.115384615384615,0.0,0.653846153846154
0.0,0.19230769230769199,0.0,0.807692307692308
0.653846153846154,0.0,0.0,0.3461538461538459
0.4615384615384615,0.1923076923076922,0.2692307692307693,0.07692307692307698
0.03846153846153852,0.26923076923076916,0.5769230769230773,0.11538461538461507
>HO_FOXQ1_HUMAN.H10MO.C,13
0.3076923076923077,0.3076923076923077,0.07692307692307683,0.3076923076923077
0.692307692307692,0.07692307692307691,0.23076923076923103,0.0
0.0769230769230769,0.153846153846154,0.0,0.769230769230769
0.0,0.0,0.0,1.0
0.0,0.0,1.0,0.0
0.0,0.0,0.0,1.0
0.0,0.0,0.0,1.0
0.0,0.0,0.0,1.0
1.0,0.0,0.0,0.0
0.0,0.0,0.0769230769230769,0.9230769230769231
0.153846153846154,0.0,0.230769230769231,0.615384615384615
0.0,0.307692307692308,0.0,0.692307692307692
>HO_SOX8_HUMAN.H10MO.D,4401
0.32619844102414464,0.07450991200599828,0.06664576359363227,0.5326458833762248
0.16581704094493563,0.4927811772449518,0.2725492418762749,0.06885253993383768
0.8201231941924296,0.07964903675609786,0.04963240605150981,0.05059536299996273
0.10067806927512571,0.8109706307043201,0.041607764814402655,0.046743535206151564
0.010753019257723814,0.01460484705153533,0.007543162762880885,0.96709897092786
0.15140274684925237,0.033587596055100345,0.8066239070028698,0.008385750092777382
0.2873179361109053,0.45634371543122493,0.12214845706220162,0.13418989139566817
0.7996424691265882,0.19305510734764383,0.00044135526804091595,0.006861068257726971
0.9698273489484764,0.022950473938126912,0.0009629569484528758,0.006259220164943697
0.011555483381434525,0.03130057330252377,0.0006419712989685839,0.9565019720170731
0.0009629569484528712,0.02118952534376845,0.0004814784742264356,0.9773660392335523
0.015567803999989497,0.26966372538926314,0.5698121425239421,0.1449563280868052
0.6430281779510112,0.025036880659776568,0.012518440329888277,0.3194165010593241
0.023192331294691993,0.13555519852541784,0.06299902430855046,0.7782534458713397
0.15743352709106134,0.18245699031741966,0.36897648753463314,0.29113299505688583
0.1763694441717324,0.376191955931321,0.13398592100638773,0.31345267889055894
>HO_EGR2_HUMAN.H10MO.C,21
0.24999999999999975,0.12777777777777785,0.3777777777777776,0.24444444444444474
0.05000000000000001,0.0,0.95,0.0
0.23888888888888882,0.41666666666666663,0.2055555555555558,0.1388888888888889
0.0,0.0,1.0,0.0
0.049999999999999975,0.02777777777777778,0.2888888888888888,0.6333333333333335
0.0,0.0,1.0,0.0
0.0,0.0,1.0,0.0
0.0,0.0,1.0,0.0
0.05000000000000001,0.716666666666667,0.0,0.23333333333333298
0.0,0.0,0.8555555555555561,0.144444444444444
0.13611111111111096,0.036111111111111094,0.6527777777777779,0.17499999999999996
>HO_GATA6_HUMAN.H10MO.S,114
0.2656716417910451,0.23681592039801003,0.23681592039801003,0.260696517412935
0.500497512437811,0.10845771144278599,0.063681592039801,0.327363184079602
0.008955223880597002,0.0,0.991044776119403,0.0
0.982089552238806,0.009950248756218891,0.0,0.007960199004975115
0.007960199004975113,0.0,0.007960199004975113,0.9840796019900497
0.705472636815921,0.0,0.008955223880597019,0.285572139303482
0.653233830845771,0.101990049751244,0.15174129353233803,0.0930348258706468
>HO_ZBED1_HUMAN.H10MO.D,4405
0.044948921679909194,0.3264472190692395,0.021112372304199774,0.6074914869466516
0.9755959137343927,0.01282633371169126,0.008967082860385925,0.0026106696935300796
0.000340522133938706,0.00011350737797956867,0.00011350737797956867,0.9994324631101021
0.3160045402951192,0.0,0.6839954597048808,0.0
0.0,0.00022701475595913735,0.0,0.9997729852440409
0.0,1.0,0.0,0.0
0.0,0.0,1.0,0.0
0.0,0.9732122587968218,0.00022701475595913735,0.02656072644721907
0.0,0.0,1.0,0.0
1.0,0.0,0.0,0.0
0.0022701475595913734,0.3634506242905789,0.0022701475595913734,0.6320090805902384
0.9829171396140749,0.003348467650397276,0.0031214528944381384,0.01061293984108967
0.058456299659477864,0.12383654937570943,0.3083995459704881,0.5093076049943246
>HO_ZBTB4_HUMAN.H10MO.S,32
0.02575681047769349,0.7939455161784527,0.1802976733438539,0.0
0.5878910323569049,0.15454086286616098,0.18029767334385396,0.07727043143308039
0.8712159476115328,0.07727043143308039,0.051513620955386884,0.0
0.07727043143308042,0.025756810477693504,0.25878910323569004,0.6381836548535361
0.638183654853536,0.0,0.361816345146464,0.0
0.18969727580892284,0.0,0.8103027241910773,0.0
0.0,0.670898070878786,0.0,0.329101929121214
0.0,0.0,1.0,0.0
0.380615550076601,0.0,0.387573155624158,0.231811294299241
0.0,0.02575681047769349,0.2236326902929289,0.7506104992293776
0.18795787442203316,0.10946644453019709,0.39523335670233734,0.3073423243454323
0.02575681047769349,0.0,0.8278809306624587,0.14636225885984794
0.0,0.329101929121214,0.180297673343854,0.490600397534932
0.08667003389814869,0.025756810477693494,0.8875731556241577,0.0
0.271667508474537,0.141662457627314,0.445007576270835,0.141662457627314
>HO_TGIF1_HUMAN.H10MO.D,13
0.190677966101695,0.114406779661017,0.190677966101695,0.504237288135593
0.076271186440678,0.0,0.847457627118644,0.076271186440678
0.076271186440678,0.0,0.305084745762712,0.61864406779661
0.0,0.6101694915254235,0.3135593220338983,0.07627118644067807
0.771186440677966,0.076271186440678,0.0,0.152542372881356
0.152542372881356,0.161016949152542,0.533898305084746,0.152542372881356
0.152542372881356,0.161016949152542,0.533898305084746,0.152542372881356
0.228813559322034,0.0,0.0,0.771186440677966
0.076271186440678,0.152542372881356,0.771186440677966,0.0
0.228813559322034,0.0,0.152542372881356,0.61864406779661
0.0,0.6864406779661016,0.16101694915254217,0.15254237288135616
0.694915254237288,0.0,0.305084745762712,0.0
0.152542372881356,0.389830508474576,0.305084745762712,0.152542372881356
0.076271186440678,0.61864406779661,0.152542372881356,0.152542372881356
0.228813559322034,0.152542372881356,0.152542372881356,0.466101694915254
0.114406779661017,0.190677966101695,0.427966101694915,0.266949152542373
>HO_GATA1_HUMAN.H10MO.S,956
0.3603510810769503,0.13241686409950582,0.3138561200938441,0.1933759347296998
0.1729647304600276,0.5130978775922298,0.2637001821688376,0.05023720977890509
0.6823800601721174,0.007159166691703721,0.0,0.3104607731361788
0.0,0.0,1.0,0.0
1.0,0.0,0.0,0.0
0.0,0.0,0.0,1.0
0.9985818590569712,0.0,0.0,0.0014181409430287445
0.9474866983647781,0.0,0.05251330163522193,0.0
0.12239109749518738,0.13578891565524798,0.6792606322513693,0.06255935459819538
0.34085846925849883,0.17364271082517388,0.4040594940550141,0.0814393258613132
>HO_NR4A2_HUMAN.H10MO.C,33
0.6701136401535692,0.06299242110754133,0.22834596482076475,0.03854797391812475
0.8690782987522404,0.0,0.07709594783624954,0.053825753411510066
0.9614520260818751,0.0,0.038547973918124805,0.0
0.0,0.0,0.9431186906898128,0.056881309310187186
0.03854797391812478,0.0,0.9308964670951047,0.030555558986770686
0.024444447189416584,0.1534848453031759,0.0,0.8220707075074074
0.0,0.909507575804365,0.0,0.090492424195635
1.0,0.0,0.0,0.0
0.18439392947460792,0.4390656446187898,0.3093181961357069,0.06722222977089547
>HO_MLX_HUMAN.H10MO.D,17528
0.19193565012660332,0.24669856860277725,0.16685083069867923,0.3945149505719403
0.1861321289735956,0.11068283163635194,0.5012963853084046,0.20188865408164786
0.6323863915995099,0.06713077492902118,0.2130579587603959,0.0874248747110729
0.09734345963342904,0.08165101388583626,0.08433574556795466,0.7366697809127801
0.0,1.0,0.0,0.0
1.0,0.0,0.0,0.0
0.0,1.0,0.0,0.0
0.0,0.0,1.0,0.0
0.00014179920856264,0.00014179920856264,0.00014179920856264,0.9995746023743121
0.00020797217255853865,0.00020797217255853865,0.9993760834823244,0.00020797217255853865
0.27016925640555634,0.29292641108022854,0.22957528339939684,0.20732904911481828
>HO_TAL1_HUMAN.H10MO.A,500
0.08094130545535642,0.5488452595345102,0.22504015527169274,0.14517327973844046
0.07956750491330711,0.1851103469132897,0.133215665695951,0.6021064824774522
0.023775960645963472,0.039299485591710766,0.6733877822843223,0.2635367714780034
0.06822062397675226,0.20277611071051038,0.47799740583139855,0.25100585948133886
0.1674986545788623,0.24808963141041962,0.2867729018307953,0.2976388121799228
0.24893991434912344,0.2451387936320416,0.30060931933768237,0.20531197268115248
0.19883575723634594,0.25308687426938786,0.35653702350703,0.19154034498723616
0.19920125444038145,0.2481890589231763,0.3225612759671639,0.2300484106692784
0.1959251603083788,0.29208235838619584,0.2837279173129849,0.22826456399244058
0.3109782762019268,0.1637837188913164,0.32913286104888156,0.19610514385787522
0.10465615213559004,0.44271717771713187,0.29314947553800863,0.15947719460926935
0.6231791940455145,0.033138479331329185,0.008658155060194624,0.33502417156296177
0.003858429990307679,0.0,0.9961415700096924,0.0
0.9983554785658065,0.0016445214341935558,0.0,0.0
0.0,0.0016445214341935558,0.0,0.9983554785658065
0.9401254813503133,0.006331765724564182,0.00826862323471454,0.04527412969040803
0.8043127592946624,0.019611381184184488,0.13682433309058767,0.03925152643056554
0.16353079014864086,0.19537610832322458,0.5266440723856558,0.11444902914247872
0.2700622464450673,0.22371516723454912,0.3896431465266377,0.11657943979374588
>HO_FOXO3_HUMAN.H10MO.B,63
0.15498068703455806,0.08052899912931381,0.34198065735340705,0.4225096564827211
0.3281933077413249,0.02619596426295639,0.49476624584478485,0.15084448215093393
0.026195964262956388,0.39549732863779286,0.10672496339226996,0.4715817437069808
0.07915026416810554,0.17484534787070988,0.19802985000851486,0.5479745379526697
0.04330315517669157,0.0,0.0,0.9566968448233084
0.180360287715543,0.0,0.819639712284457,0.0
0.0,0.03722584395262219,0.0,0.9627741560473778
0.0,0.0110298796896658,0.0,0.9889701203103342
0.008272409767249378,0.011029879689665796,0.0,0.9806977105430847
0.557371690478392,0.107287334771507,0.0,0.335340974750101
0.046876988681079805,0.5482829171291711,0.15967926329741905,0.24516083089233007
0.35965021964637917,0.38610017611207015,0.08686030255611854,0.1673893016854321
0.19596174756670193,0.08397583653233436,0.2455962061701989,0.47446620973076475
>HO_IKZF1_HUMAN.H10MO.C,60
0.04244482173174871,0.2860780984719861,0.23769100169779306,0.43378607809847214
0.05772495755517831,0.08828522920203741,0.0,0.8539898132427842
0.056027164685908334,0.0,0.9439728353140917,0.0
0.01867572156196941,0.030560271646859115,0.9507640067911715,0.0
0.0,0.016977928692699512,0.9830220713073005,0.0
0.8505942275042441,0.0,0.149405772495756,0.0
0.32088285229201996,0.030560271646859094,0.5331069609507639,0.11544991511035697
0.4159592529711376,0.03904923599320877,0.3684210526315787,0.17657045840407487
>HO_CREB1_HUMAN.H10MO.A,494
0.10620191866804927,0.1501551189025985,0.0628092206030618,0.6808337418262904
0.0886449746546331,0.09084051727218628,0.5138029896643872,0.3067115184087935
0.6523243409228059,0.008802976518225545,0.24241905369371494,0.0964536288652537
0.037689598129166765,0.7875353610987396,0.03267069996376495,0.1421043408083286
0.06762234936001828,0.04769794033829607,0.8744087936882108,0.010270916613474877
0.00370928745856307,0.01845342269212877,0.001571663275906251,0.9762656265734019
0.0021931859877453806,0.988238993349909,0.0,0.009567820662345726
0.9445312591087868,0.016223029886237444,0.010888386508818015,0.02835732449615778
0.021284812107275525,0.4760738678239002,0.07298180624542354,0.4296595138234008
0.20973831216220545,0.4397632009804177,0.11543761278236658,0.23506087407501014
0.3065719187661275,0.21708390559060256,0.2953733233366987,0.18097085230657134
>HO_DRGX_HUMAN.H10MO.D,10531
0.05524166745798119,0.010326654638685782,0.0029199506219732213,0.9315117272813598
0.9403190580191815,0.0021365492355901626,0.037460829930680846,0.02008356281454753
0.9968901338904188,0.001068274617795081,0.0011632323615990883,0.0008783591301870666
0.012273288386667932,0.10514196182698698,0.010184218022979774,0.8724005317633653
0.010469091254391796,0.31461874465862694,0.09156300446301396,0.5833491596239673
2.3739435951001804e-05,0.3203162092868673,2.3739435951001804e-05,0.6796363118412305
0.8273668217643149,0.010730225049852814,0.15829455892128,0.0036083942645522738
0.9975073592251448,0.0006409647706770486,0.0011157534896970847,0.0007359225144810558
0.0001899154876080144,0.0002848732314120216,0.0002848732314120216,0.9992403380495679
0.030790048428449335,0.009044725097331686,0.0003086126673630234,0.9598566138068559
0.9492450859367582,0.00118697179755009,0.010302915202734781,0.039265027062956974
>HO_IRX3_HUMAN.H10MO.D,381
0.3753280839895013,0.09973753280839895,0.09186351706036745,0.4330708661417323
0.21456692913385828,0.20931758530183728,0.20144356955380577,0.3746719160104987
0.39829396325459315,0.07545931758530183,0.09383202099737532,0.43241469816272965
0.0505249343832021,0.6699475065616798,0.04002624671916011,0.239501312335958
0.6614173228346457,0.005249343832020997,0.15485564304461943,0.1784776902887139
0.0,0.005249343832020997,0.0,0.994750656167979
0.013123359580052493,0.0,0.9763779527559056,0.010498687664041995
0.0,0.0,0.0,1.0
0.4678477690288714,0.04921259842519685,0.020341207349081365,0.4625984251968504
0.40813648293963256,0.20603674540682415,0.18766404199475065,0.19816272965879264
0.23490813648293962,0.14304461942257218,0.15091863517060367,0.47112860892388453
>HO_BRCA1_HUMAN.H10MO.D,73
0.144038337669349,0.197200486336287,0.290469923554039,0.368291252440325
0.1894764321705548,0.0,0.2754931693237917,0.5350303985056535
0.028031614346372004,0.125181317501613,0.153212931847985,0.69357413630403
0.056063228692743855,0.34461125813266075,0.4818682498387156,0.11745726333587991
0.028031614346372004,0.14984049772096,0.450935555466538,0.37119233246613
0.0,0.0,0.870467062459679,0.129532937540321
0.0,0.028031614346372007,0.0,0.9719683856536281
0.0,0.0,0.0,1.0
0.06307113227933689,0.07322491236965639,0.8286644374180417,0.03503951793296489
>HO_NGN2_HUMAN.H10MO.D,272
0.5992492071667609,0.15436621468929662,0.14802844280320623,0.09835613534073634
0.38282049126239553,0.43888459032708405,0.11652952563415696,0.06176539277636348
0.09549873602038335,0.851037097328718,0.02800503967428028,0.02545912697661844
0.756228859198879,0.17885036701074422,0.03627925594168121,0.028641517848695685
0.05731004555545561,0.1553006745573723,0.022913214278956557,0.7644760656082156
0.787389279887172,0.11965789679010656,0.028005039674280252,0.06494778364844114
0.007637738092985512,0.2851962418542543,0.0,0.7071660200527603
0.034396831276498986,0.2316780554872272,0.7008282481666699,0.033096865069603874
0.10059056141570641,0.29418796587026214,0.09809866843417296,0.5071228042798586
0.039786638365482144,0.3555338325916776,0.02196524948184933,0.5827142795609909
0.25980463952279514,0.15276826678874167,0.10948775092849063,0.4779393427599725
0.22485235964607345,0.39542851038941584,0.09490277263306351,0.2848163573314473
0.27930500588117524,0.2945264623510178,0.09074540710581491,0.33542312466199214
>HO_GMEB2_HUMAN.H10MO.D,3702
0.1804992095396734,0.26871325894925974,0.32351441318736524,0.22727311832370162
0.14492508035776275,0.25842288218363424,0.31832244679414873,0.27832959066445434
0.10881058453275468,0.07202519704778305,0.325709462803387,0.4934547556160753
0.03661518324614649,0.021769015172972816,0.025626638557867558,0.9159891630230131
0.6783783304777318,0.0024024480930741475,0.31258042102446476,0.006638800404729362
0.007275876459103581,0.9452112414013802,0.031419838220283464,0.01609304391923272
0.0018426959832424995,8.611570920484054e-05,0.9920264061025961,0.006044782204956541
0.0130541954983132,0.010918886297515315,0.034305390205174945,0.9417215279989966
0.42154858891437985,0.2332428290058787,0.2433025853909347,0.10190599668880676
0.4594825588191157,0.13267477920021672,0.29793669610047174,0.10990596588019592
0.18216133282419653,0.23393265564822285,0.25890531034892234,0.32500070117865826
>HO_NR1D1_HUMAN.H10MO.C,13
0.5847107438016534,0.039256198347107425,0.1797520661157021,0.19628099173553712
0.5289256198347108,0.0,0.08264462809917356,0.3884297520661158
0.8429752066115702,0.07438016528925621,0.0,0.08264462809917363
0.84297520661157,0.0,0.0,0.15702479338843
0.31404958677685985,0.14876033057851193,0.4545454545454547,0.08264462809917356
0.0,0.08264462809917358,0.08264462809917358,0.8347107438016528
0.84297520661157,0.0,0.15702479338843,0.0
0.0,0.0,0.9173553719008265,0.08264462809917354
0.0,0.0,1.0,0.0
0.0,0.0,0.0,1.0
0.0,0.933884297520661,0.0,0.0661157024793389
1.0,0.0,0.0,0.0
0.38016528925619814,0.08264462809917363,0.38016528925619814,0.15702479338843006
0.42561983471074394,0.03719008264462809,0.19421487603305798,0.34297520661156994
>HO_CEBPE_HUMAN.H10MO.A,812
0.11226766206677524,0.10701863431471623,0.20158546763251642,0.5791282359859922
0.0,0.0,0.09922018443873823,0.9007798155612617
0.22729065242669222,0.0,0.46552157586391046,0.3071877717093973
0.047402887795578136,0.5705787464560599,0.21806707005486708,0.16395129569349484
0.08593148321433892,0.0,0.914068516785661,0.0
0.32088646990266456,0.4457616146260908,0.0006798921631151303,0.23267202330812942
0.8470651284469997,0.15139705100002643,0.001537820552973904,0.0
1.0,0.0,0.0,0.0
0.0,0.14969324206295145,0.010732491126957858,0.8395742668100907
0.2645760667288272,0.4856801377284094,0.04072070754592513,0.20902308799683816
0.21298372872136553,0.07032247022715966,0.18068710761983647,0.5360066934316383
0.11291896215671,0.311449546490805,0.205292491457021,0.370338999895464
>HO_CPEB1_HUMAN.H10MO.D,1803
0.16361619523017193,0.21797004991680533,0.08929561841375486,0.5291181364392679
0.0005546311702717693,0.0005546311702717693,0.0005546311702717693,0.9983361064891847
0.004714364947310039,0.0036051026067665,0.00027731558513588466,0.9914032168607876
0.0006932889628397116,0.00180255130338325,0.00013865779256794233,0.9973655019412091
0.0,0.0016638935108153079,0.0,0.9983361064891847
0.9966722129783694,0.0005546311702717693,0.0022185246810870773,0.0005546311702717693
0.0022185246810870773,0.05435385468663339,0.0033277870216306157,0.940099833610649
0.1281198003327787,0.23571824736550195,0.028286189683860232,0.6078757626178591
0.18191902384914033,0.2506932889628397,0.07321131447587355,0.49417637271214643
0.09262340543538547,0.223516361619523,0.048252911813643926,0.6356073211314476
0.08097615085967831,0.1841375485302274,0.03438713255684969,0.7004991680532446
0.06544647809206877,0.13588463671658346,0.026067665002773157,0.7726012201885746
0.10038824181919023,0.11813643926788686,0.01608430393788131,0.7653910149750416
0.18122573488630062,0.09914032168607875,0.011508596783139213,0.7081253466444815
0.22407099278979478,0.11647254575707154,0.02329450915141431,0.6361619523017193
0.24029395452024405,0.1687465335551858,0.034525790349417634,0.5564337215751525
0.22365501941209096,0.2103438713255685,0.07002218524681086,0.4959789240155297
>HO_KLF13_HUMAN.H10MO.D,7671
0.3521379220440621,0.08346369443358102,0.31237778646851777,0.2520205970538391
0.3850866901316647,0.016816581931951506,0.4313648807195933,0.16673184721679052
0.017370616608004173,0.00042367357580497977,0.9817820362403858,0.00042367357580497977
0.001433972102724547,0.0,0.543605788032851,0.45496023986442446
0.0,0.0,1.0,0.0
0.0,0.0,1.0,0.0
0.0,0.0,1.0,0.0
0.0,0.988397862077956,0.0,0.011602137922044063
0.0,0.0,1.0,0.0
0.18680745665493417,0.18667709555468648,0.21770303741363578,0.4088124103767436
0.20320036501108069,0.19511797679572415,0.3970473210793899,0.20463433711380524
>HO_SOX10_HUMAN.H10MO.D,32
0.07227891156462582,0.30357142857142905,0.23214285714285707,0.3920068027210881
0.03401360544217688,0.8979591836734694,0.0,0.06802721088435366
0.42857142857142894,0.08503401360544219,0.0,0.4863945578231289
0.030612244897959193,0.0,0.0,0.9693877551020408
0.0,0.0,0.0,1.0
0.0340136054421769,0.0,0.965986394557823,0.0
0.15986394557823103,0.03401360544217691,0.03401360544217691,0.7721088435374153
>HO_HMX3_HUMAN.H10MO.D,38638
0.22719861276463585,0.2875537036078472,0.21384388425901962,0.27140379936849734
0.22406051037838398,0.21831487137015373,0.3318818261814794,0.2257427920699829
0.07020290905326362,0.08995030798695584,0.06916765878151043,0.7706791241782701
0.01987680521766137,0.015011128940421347,0.013768828614317512,0.9513432372275997
0.9582600031057508,0.0005758579636627154,0.0376895802060148,0.0034745587245716652
0.9931932294632227,0.0005952689062580879,0.00556447021067343,0.0006470314198457477
0.0021222630570940527,0.0008799627309902169,0.2444484704177235,0.7525493037941923
0.0025428334799937886,0.07369040840623221,0.00818494746104871,0.9155818106527253
0.003338682126404058,0.001992856773124903,0.9920803354210881,0.002588125679382991
0.17227211553393032,0.38708654692271854,0.2626753455147782,0.1779659920285729
0.13124385320151147,0.2289714788550132,0.11522335524613075,0.5245613126973446
>HO_TEAD1_HUMAN.H10MO.D,30
0.0546558704453441,0.463562753036437,0.204453441295547,0.277327935222672
0.7165991902834011,0.06072874493927131,0.19838056680161903,0.024291497975708502
0.2064777327935222,0.6234817813765186,0.0,0.17004048582995918
0.9068825910931174,0.0,0.09311740890688254,0.0
0.0,0.0,0.0,1.0
0.18218623481781387,0.0,0.036437246963562764,0.7813765182186233
0.0,0.7206477732793519,0.06882591093117409,0.21052631578947398
0.04453441295546559,0.7692307692307689,0.07287449392712549,0.11336032388663997
0.45748987854251005,0.0,0.048582995951417005,0.49392712550607304
0.024291497975708478,0.36437246963562775,0.5789473684210525,0.032388663967611274
0.34412955465587025,0.3967611336032393,0.08097165991902835,0.17813765182186214
0.1174089068825911,0.1093117408906881,0.40080971659919035,0.3724696356275303
0.032388663967611295,0.47773279352226683,0.2793522267206479,0.21052631578947395
0.26214574898785403,0.33502024291498006,0.08400809716599192,0.3188259109311741
>HO_DMBX1_HUMAN.H10MO.D,29
0.1724137931034483,0.27586206896551724,0.13793103448275862,0.41379310344827586
0.4224137931034483,0.28448275862068967,0.11206896551724138,0.1810344827586207
0.43103448275862066,0.29310344827586204,0.15517241379310345,0.1206896551724138
0.20689655172413793,0.13793103448275862,0.10344827586206896,0.5517241379310345
0.41379310344827586,0.034482758620689655,0.034482758620689655,0.5172413793103449
0.5172413793103449,0.034482758620689655,0.034482758620689655,0.41379310344827586
0.3103448275862069,0.10344827586206896,0.034482758620689655,0.5517241379310345
0.5517241379310345,0.1724137931034483,0.034482758620689655,0.2413793103448276
0.5862068965517241,0.10344827586206896,0.034482758620689655,0.27586206896551724
0.13793103448275862,0.3103448275862069,0.1724137931034483,0.3793103448275862
0.10344827586206896,0.6206896551724138,0.034482758620689655,0.2413793103448276
0.0,0.4482758620689655,0.06896551724137931,0.4827586206896552
0.7586206896551724,0.034482758620689655,0.13793103448275862,0.06896551724137931
0.896551724137931,0.034482758620689655,0.06896551724137931,0.0
0.0,0.034482758620689655,0.0,0.9655172413793104
0.0,0.0,0.0,1.0
1.0,0.0,0.0,0.0
0.6206896551724138,0.13793103448275862,0.13793103448275862,0.10344827586206896
0.09482758620689655,0.23275862068965517,0.33620689655172414,0.33620689655172414
0.2413793103448276,0.10344827586206896,0.2413793103448276,0.41379310344827586
>HO_ZBTB4_HUMAN.H10MO.D,20
0.09398376003945237,0.7180487198816426,0.09398376003945237,0.09398376003945237
0.0,0.9562552193628556,0.043744780637144286,0.0
0.2009559176092321,0.10047795880461605,0.08748956127428863,0.6110765623118632
0.9125104387257114,0.08748956127428863,0.0,0.0
0.0,0.0,0.8298004654975842,0.17019953450241584
0.899522041195384,0.10047795880461602,0.0,0.0
0.0,0.0,0.25768909577670396,0.7423109042232959
0.0,0.043744780637144286,0.7860556848604398,0.17019953450241596
0.0,0.0,0.9432668218325282,0.056733178167471914
0.25768909577670396,0.7423109042232959,0.0,0.0
0.6418329454186801,0.056733178167471914,0.10047795880461603,0.20095591760923207
0.0,0.0,0.9432668218325282,0.056733178167471914
0.0,0.0,0.842788863027912,0.157211136972088
0.0,0.20095591760923204,0.0,0.799044082390768
0.056733178167471914,0.0,0.9432668218325282,0.0
0.0,0.0,1.0,0.0
0.06561717095571645,0.06561717095571645,0.8031484871328506,0.06561717095571645
>HO_SUH_HUMAN.H10MO.C,499
0.024134703546554885,0.4729694025687297,0.371714312667569,0.13118158121714626
0.06754106353531916,0.4263314405134159,0.08316054943844489,0.4229669465128199
0.1436097251181991,0.248907788211723,0.5681370462555062,0.03934544041457164
0.0016268036375427424,0.0,0.005850886223799255,0.992522310138658
0.0036196899506299248,0.005396235460518286,0.988971642180538,0.002012432408313827
0.405614995685628,0.0017012554753174814,0.5024540523394465,0.09022969649960798
0.0,0.0,0.998004890456212,0.0019951095437880186
0.9727546661141692,0.0017310915692781402,0.017136869227662773,0.008377373088889948
0.8355525494012106,0.03494337879514045,0.1259939562655722,0.0035101155380767722
0.37874412489916526,0.31223245198694793,0.14808978938900516,0.16093363372488168
0.29515205980423553,0.24603302126310556,0.2403815018009223,0.21843341713173664
>HO_SOX18_HUMAN.H10MO.D,8
0.15410958904109598,0.27739726027397293,0.5376712328767119,0.030821917808219194
0.38356164383561636,0.3698630136986304,0.0,0.24657534246575324
0.506849315068493,0.0,0.123287671232877,0.36986301369863
0.26027397260274004,0.36986301369863006,0.12328767123287701,0.24657534246575302
