>RBP_NCL,20
0.1,0.9,0.0,0.0
0.1,0.8,0.05,0.05
0.0,0.1,0.9,0.0
0.95,0.05,0.0,0.0
1.0,0.0,0.0,0.0
1.0,0.0,0.0,0.0
0.1,0.0,0.45,0.45
0.0,1.0,0.0,0.0
0.0,1.0,0.0,0.0
0.0,1.0,0.0,0.0
0.0,0.0,1.0,0.0
1.0,0.0,0.0,0.0
1.0,0.0,0.0,0.0
0.0,0.05,0.95,0.0
0.0,0.0,0.05,0.95
1.0,0.0,0.0,0.0
0.05,0.2,0.65,0.1
0.0,0.05,0.85,0.1
>RBP_NCL,10
0.7,0.1,0.1,0.1
0.2,0.3,0.0,0.5
0.0,0.0,0.0,1.0
0.0,1.0,0.0,0.0
0.2,0.0,0.8,0.0
1.0,0.0,0.0,0.0
0.4,0.2,0.2,0.2
0.0,0.6,0.3,0.1
0.1,0.4,0.3,0.2
0.2,0.3,0.2,0.3
0.3,0.2,0.4,0.1
>RBP_RBMY1A1,38
0.0,1.0,0.0,0.0
0.315789473684,0.0263157894737,0.0,0.657894736842
0.0,1.0,0.0,0.0
1.0,0.0,0.0,0.0
1.0,0.0,0.0,0.0
>RBP_RBMY1A1,52
0.0192307692308,0.980769230769,0.0,0.0
0.211538461538,0.0,0.0,0.788461538462
0.0192307692308,0.961538461538,0.0,0.0192307692308
0.884615384615,0.0961538461538,0.0,0.0192307692308
0.960784313725,0.0,0.0196078431373,0.0196078431373
>RBP_ybx2-a,13
1.0,0.0,0.0,0.0
1.0,0.0,0.0,0.0
0.0,0.769230769231,0.230769230769,0.0
0.923076923077,0.0,0.0,0.0769230769231
0.153846153846,0.0769230769231,0.0,0.769230769231
0.0,0.846153846154,0.0,0.153846153846
>RBP_ybx2-a,10
1.0,0.0,0.0,0.0
1.0,0.0,0.0,0.0
0.0,0.8,0.1,0.1
1.0,0.0,0.0,0.0
0.1,0.2,0.0,0.7
0.0,0.9,0.0,0.1
>RBP_SFRS13A,1
0.72043,0.27957,0.0,0.0
0.60215039785,0.0752689247311,0.322580677419,0.0
1.0,0.0,0.0,0.0
0.010753,0.107527,0.88172,0.0
0.430107569892,0.0645159354841,0.419354580645,0.0860219139781
0.301075,0.247312,0.290323,0.16129
0.16129016129,0.365591365591,0.247312247312,0.225806225806
>RBP_ELAVL1,0
0.341772341772,0.025316025316,0.632911632912,0.0
0.0,0.0,0.0,1.0
0.0,0.0,0.0,1.0
0.21519,0.0,0.075949,0.708861
>RBP_PTBP1,1
1.0,0.0,0.0,0.0
0.0,0.0,1.0,0.0
0.912698,0.0,0.087302,0.0
0.277778,0.285714,0.103175,0.333333
0.222222222222,0.285714285714,0.126984126984,0.365079365079
0.174603,0.198413,0.166667,0.460317
0.18254,0.238095,0.111111,0.468254
0.095238,0.309524,0.119048,0.47619
0.103175,0.325397,0.174603,0.396825
0.222222,0.253968,0.119048,0.404762
0.126984,0.246032,0.166667,0.460317
0.230159,0.246032,0.15873,0.365079
0.174603,0.365079,0.150794,0.309524
0.166666833333,0.277777722222,0.166666833333,0.388888611111
0.198413,0.293651,0.126984,0.380952
>RBP_RBM4,1
0.0,0.95082,0.04918,0.0
0.0,0.0,1.0,0.0
0.016393016393,0.704918704919,0.229508229508,0.04918004918
0.0,0.0,1.0,0.0
>RBP_SFRS1,1
0.537037,0.0,0.12963,0.333333
0.0,0.0,1.0,0.0
0.0,0.0,1.0,0.0
1.0,0.0,0.0,0.0
>RBP_KHDRBS3,1
0.275861724138,0.258620741379,0.206896793103,0.258620741379
0.327586,0.258621,0.172414,0.241379
0.0,0.034483,0.0,0.965517
1.0,0.0,0.0,0.0
1.0,0.0,0.0,0.0
0.293103293103,0.189655189655,0.0862070862071,0.431034431034
>RBP_SNRPA,1
0.435484,0.145161,0.112903,0.306452
0.080645,0.032258,0.080645,0.806452
0.048387,0.0,0.032258,0.919355
0.0,0.0,1.0,0.0
0.0,1.0,0.0,0.0
1.0,0.0,0.0,0.0
0.0,1.0,0.0,0.0
>RBP_Vts1,1
0.008034,0.011275,0.972194,0.008497
0.0,1.0,0.0,0.0
0.246376753623,0.0724639275361,0.362318637681,0.318840681159
0.0,0.0,1.0,0.0
0.0,0.0,1.0,0.0
0.155012,0.480961,0.147958,0.216069
0.167774167774,0.371477371477,0.272155272155,0.188593188593
>RBP_YBX1,1
0.042537957462,0.444123555876,0.236481763518,0.276856723143
0.017015,0.872386,0.031435,0.079164
0.0,0.0,0.0,1.0
0.0,0.052632,0.947368,0.0
0.008508,0.804614,0.173612,0.013266
0.051045,0.090844,0.778515,0.079596
>RBP_KHSRP,6
0.0,1.0,0.0,0.0
0.0,1.0,0.0,0.0
0.0,1.0,0.0,0.0
0.0,1.0,0.0,0.0
0.0,1.0,0.0,0.0
0.0,1.0,0.0,0.0
0.0,1.0,0.0,0.0
0.0,1.0,0.0,0.0
>RBP_KHSRP,4
0.0,0.0,1.0,0.0
0.0,0.0,0.0,1.0
0.0,1.0,0.0,0.0
0.0,1.0,0.0,0.0
>RBP_ACO1,55
0.0545454545455,0.636363636364,0.145454545455,0.163636363636
0.8,0.0545454545455,0.0181818181818,0.127272727273
0.163636363636,0.0,0.818181818182,0.0181818181818
0.163636363636,0.0727272727273,0.181818181818,0.581818181818
0.2,0.127272727273,0.636363636364,0.0363636363636
0.290909090909,0.4,0.0909090909091,0.218181818182
>RBP_QKI,1
0.20731707,0.18292683,0.25609756,0.35365854
0.36904762,0.27380952,0.11904762,0.23809524
0.17241379,0.4137931,0.10344828,0.31034483
0.05952381,0.22619048,0.0,0.71428571
1.0,0.0,0.0,0.0
1.0,0.0,0.0,0.0
0.048780488,0.62195122,0.012195122,0.31707317
0.421686747048,0.265060238145,0.072289156494,0.240963858313
0.10843374,0.34939759,0.14457831,0.39759036
0.15662651,0.3253012,0.27710843,0.24096386
>RBP_KHDRBS3,1
0.375,0.25,0.125,0.25
0.25,0.0,0.125,0.625
0.125,0.5,0.375,0.0
0.125,0.5,0.125,0.25
0.125,0.0,0.375,0.5
0.5,0.0,0.125,0.375
0.0,0.125,0.0,0.875
0.0,0.0,0.0,1.0
1.0,0.0,0.0,0.0
1.0,0.0,0.0,0.0
0.125,0.625,0.0,0.25
0.375,0.25,0.0,0.375
0.125,0.0,0.5,0.375
0.625,0.125,0.25,0.0
0.0,0.0,0.25,0.75
0.125,0.375,0.375,0.125
0.125,0.375,0.25,0.25
>RBP_ZRANB2,66
0.712121212121,0.166666666667,0.030303030303,0.0909090909091
0.0,0.0,1.0,0.0
0.0,0.0,1.0,0.0
0.0,0.0,0.0,1.0
0.90625,0.03125,0.015625,0.046875
0.78125,0.046875,0.109375,0.0625
>RBP_ybx2-a,18
0.111111111111,0.0,0.777777777778,0.111111111111
0.0555555555556,0.777777777778,0.111111111111,0.0555555555556
0.0555555555556,0.944444444444,0.0,0.0
0.722222222222,0.111111111111,0.0,0.166666666667
0.111111111111,0.444444444444,0.222222222222,0.222222222222
0.888888888889,0.0,0.0,0.111111111111
0.333333333333,0.666666666667,0.0,0.0
0.0,1.0,0.0,0.0
1.0,0.0,0.0,0.0
0.0,0.5,0.0,0.5
0.0,1.0,0.0,0.0
0.0,0.0,1.0,0.0
0.0555555555556,0.833333333333,0.0,0.111111111111
>RBP_NCL,6
0.0,0.0,0.0,1.0
0.0,0.0,0.833333333333,0.166666666667
0.166666666667,0.833333333333,0.0,0.0
0.833333333333,0.166666666667,0.0,0.0
0.0,0.833333333333,0.0,0.166666666667
1.0,0.0,0.0,0.0
0.0,0.0,1.0,0.0
0.833333333333,0.0,0.0,0.166666666667
1.0,0.0,0.0,0.0
0.0,0.0,1.0,0.0
0.166666666667,0.0,0.833333333333,0.0
>RBP_sap-49,4
0.0,0.0,0.75,0.25
0.0,0.25,0.0,0.75
0.0,0.0,1.0,0.0
0.0,0.0,0.0,1.0
0.0,0.0,1.0,0.0
1.0,0.0,0.0,0.0
>RBP_KHDRBS3,1
0.125,0.25,0.125,0.5
0.0,0.375,0.125,0.5
0.0,0.75,0.125,0.125
0.125,0.125,0.375,0.375
0.25,0.375,0.0,0.375
0.0,0.0,0.0,1.0
1.0,0.0,0.0,0.0
1.0,0.0,0.0,0.0
0.875,0.0,0.0,0.125
0.625,0.0,0.125,0.25
0.625,0.0,0.0,0.375
0.125,0.125,0.125,0.625
0.125,0.125,0.125,0.625
0.25,0.25,0.0,0.5
0.25,0.125,0.0,0.625
0.25,0.375,0.125,0.25
>RBP_QKI,57
0.0701754385965,0.0350877192982,0.105263157895,0.789473684211
1.0,0.0,0.0,0.0
0.0,1.0,0.0,0.0
0.0,0.0,0.0,1.0
1.0,0.0,0.0,0.0
1.0,0.0,0.0,0.0
0.0,0.877192982456,0.0,0.122807017544
>RBP_ZFP36,5
1.0,0.0,0.0,0.0
1.0,0.0,0.0,0.0
0.4,0.2,0.0,0.4
1.0,0.0,0.0,0.0
1.0,0.0,0.0,0.0
0.6,0.0,0.4,0.0
0.0,0.2,0.4,0.4
1.0,0.0,0.0,0.0
1.0,0.0,0.0,0.0
1.0,0.0,0.0,0.0
0.0,0.0,1.0,0.0
>RBP_HNRNPA1,47
0.0,0.0425531914894,0.0,0.957446808511
1.0,0.0,0.0,0.0
0.0,0.0,1.0,0.0
0.0212765957447,0.0,0.978723404255,0.0
0.106382978723,0.0212765957447,0.787234042553,0.0851063829787
0.553191489362,0.0,0.0,0.446808510638
>RBP_SFRS1,20
0.55,0.05,0.3,0.1
0.0,0.05,0.95,0.0
0.85,0.0,0.1,0.05
0.8,0.05,0.1,0.05
0.05,0.05,0.85,0.05
0.6,0.0,0.4,0.0
0.75,0.0,0.25,0.0
0.0,0.9,0.0,0.1
>RBP_SFRS1,17
0.823529411765,0.0588235294118,0.0588235294118,0.0588235294118
0.0,1.0,0.0,0.0
0.0,0.0,1.0,0.0
0.0,0.941176470588,0.0588235294118,0.0
0.0,0.0,0.882352941176,0.117647058824
0.117647058824,0.882352941176,0.0,0.0
0.529411764706,0.0588235294118,0.294117647059,0.117647058824
>RBP_SFRS2,11
0.0,0.0,1.0,0.0
0.0909090909091,0.0909090909091,0.0,0.818181818182
0.0909090909091,0.0,0.0,0.909090909091
0.0,0.909090909091,0.0909090909091,0.0
0.0,0.272727272727,0.727272727273,0.0
1.0,0.0,0.0,0.0
0.0,0.0,1.0,0.0
0.0909090909091,0.0,0.272727272727,0.636363636364
0.545454545455,0.0,0.0909090909091,0.363636363636
>RBP_PABPC1,13
1.0,0.0,0.0,0.0
1.0,0.0,0.0,0.0
1.0,0.0,0.0,0.0
1.0,0.0,0.0,0.0
1.0,0.0,0.0,0.0
>RBP_sus,15
0.133333333333,0.133333333333,0.0666666666667,0.666666666667
0.0666666666667,0.6,0.133333333333,0.2
0.5625,0.25,0.0625,0.125
0.0625,0.125,0.75,0.0625
0.0,0.0,0.1875,0.8125
0.8125,0.0625,0.0,0.125
0.125,0.125,0.6875,0.0625
0.125,0.0,0.0625,0.8125
0.0,0.625,0.375,0.0
0.230769230769,0.0769230769231,0.153846153846,0.538461538462
>RBP_pum,113
0.486725663717,0.150442477876,0.0,0.362831858407
0.29203539823,0.150442477876,0.070796460177,0.486725663717
0.0,0.0,0.0,1.0
0.0796460176991,0.0,0.778761061947,0.141592920354
0.070796460177,0.0,0.0176991150442,0.911504424779
0.982300884956,0.0176991150442,0.0,0.0
0.716814159292,0.115044247788,0.00884955752212,0.159292035398
0.902654867257,0.0353982300885,0.0265486725664,0.0353982300885
0.0,0.0353982300885,0.00884955752212,0.955752212389
0.929203539823,0.0,0.0530973451327,0.0176991150442
0.345132743363,0.150442477876,0.106194690265,0.398230088496
0.477876106195,0.0884955752212,0.212389380531,0.221238938053
0.29203539823,0.238938053097,0.0973451327434,0.371681415929
0.522123893805,0.0530973451327,0.070796460177,0.353982300885
0.345132743363,0.0973451327434,0.12389380531,0.433628318584
0.592920353982,0.0530973451327,0.115044247788,0.238938053097
>RBP_Pum2,25
0.0,0.0,0.0,1.0
0.0,0.0,1.0,0.0
0.0,0.0,0.0,1.0
1.0,0.0,0.0,0.0
>RBP_Pum2,23
0.0,0.0,0.0,1.0
0.0,0.0,1.0,0.0
0.0,0.0,0.0,1.0
1.0,0.0,0.0,0.0
0.434782608696,0.217391304348,0.304347826087,0.0434782608696
0.739130434783,0.0,0.130434782609,0.130434782609
0.173913043478,0.0434782608696,0.0,0.782608695652
0.652173913043,0.0,0.0434782608696,0.304347826087
0.434782608696,0.130434782609,0.391304347826,0.0434782608696
0.217391304348,0.347826086957,0.260869565217,0.173913043478
0.173913043478,0.173913043478,0.217391304348,0.434782608696
0.260869565217,0.304347826087,0.347826086957,0.0869565217391
0.304347826087,0.304347826087,0.304347826087,0.0869565217391
0.0434782608696,0.391304347826,0.260869565217,0.304347826087
0.0,0.478260869565,0.347826086957,0.173913043478
0.0454545454545,0.454545454545,0.227272727273,0.272727272727
0.0,0.47619047619,0.285714285714,0.238095238095
0.0,0.52380952381,0.380952380952,0.0952380952381
0.0,0.75,0.15,0.1
0.0,0.777777777778,0.111111111111,0.111111111111
0.0,0.461538461538,0.461538461538,0.0769230769231
>RBP_EIF4B,13
0.0769230769231,0.153846153846,0.538461538462,0.230769230769
0.0,0.230769230769,0.0,0.769230769231
0.230769230769,0.307692307692,0.0,0.461538461538
0.0,0.0,1.0,0.0
0.0,0.0,1.0,0.0
0.923076923077,0.0769230769231,0.0,0.0
0.692307692308,0.230769230769,0.0,0.0769230769231
>RBP_EIF4B,25
0.16,0.16,0.68,0.0
0.0,0.68,0.04,0.28
0.12,0.2,0.44,0.24
0.0,0.0,1.0,0.0
0.44,0.0,0.56,0.0
1.0,0.0,0.0,0.0
0.36,0.64,0.0,0.0
>RBP_EIF4B,19
0.105263157895,0.0,0.894736842105,0.0
0.0,0.0,1.0,0.0
1.0,0.0,0.0,0.0
0.684210526316,0.263157894737,0.0526315789474,0.0
>RBP_IGF2BP1,12
0.916666666667,0.0,0.0833333333333,0.0
0.916666666667,0.0,0.0,0.0833333333333
0.0,0.0,1.0,0.0
0.0,1.0,0.0,0.0
1.0,0.0,0.0,0.0
0.0,0.75,0.0,0.25
0.0,0.75,0.25,0.0
0.0,1.0,0.0,0.0
0.0,0.25,0.75,0.0
0.0,0.0909090909091,0.0,0.909090909091
0.0,0.0,0.0,1.0
>RBP_a2bp1,16
0.0,0.0,1.0,0.0
0.0,1.0,0.0,0.0
1.0,0.0,0.0,0.0
0.0,0.125,0.0,0.875
0.0,0.0,1.0,0.0
>RBP_Rna15,4
0.0,0.0,0.0,1.0
0.0,0.0,1.0,0.0
0.0,0.5,0.0,0.5
0.0,0.0,1.0,0.0
0.0,0.0,0.0,1.0
1.0,0.0,0.0,0.0
0.0,0.0,0.0,1.0
0.0,0.0,0.0,1.0
0.0,0.75,0.0,0.25
0.0,0.0,0.0,1.0
0.0,1.0,0.0,0.0
0.0,1.0,0.0,0.0
>RBP_Rna15,4
0.0,0.0,0.0,1.0
0.0,0.0,1.0,0.0
0.0,0.75,0.0,0.25
0.0,0.0,1.0,0.0
0.0,0.0,0.0,1.0
1.0,0.0,0.0,0.0
0.0,0.0,0.0,1.0
0.0,0.0,0.0,1.0
0.0,0.75,0.0,0.25
0.0,0.0,0.0,1.0
0.0,1.0,0.0,0.0
0.0,1.0,0.0,0.0
>RBP_A2BP1,47
0.0425531914894,0.0,0.0,0.957446808511
0.0,0.0,1.0,0.0
0.0,1.0,0.0,0.0
1.0,0.0,0.0,0.0
0.0,0.0,0.0,1.0
0.0,0.0,1.0,0.0
>RBP_NONO,29
1.0,0.0,0.0,0.0
0.0,0.0,1.0,0.0
0.0,0.0,1.0,0.0
0.0,0.0,1.0,0.0
0.896551724138,0.0,0.0,0.103448275862
>RBP_FUS,39
0.0,0.0,1.0,0.0
0.0,0.0,1.0,0.0
0.0,0.0,0.0,1.0
0.0,0.0,1.0,0.0
>RBP_SNRPA,9
0.777777777778,0.0,0.0,0.222222222222
0.0,0.0,0.0,1.0
0.111111111111,0.0,0.0,0.888888888889
0.0,0.0,1.0,0.0
0.0,1.0,0.0,0.0
1.0,0.0,0.0,0.0
0.0,1.0,0.0,0.0
0.222222222222,0.222222222222,0.111111111111,0.444444444444
>RBP_SNRPA,11
0.818181818182,0.0909090909091,0.0,0.0909090909091
0.0909090909091,0.0,0.0,0.909090909091
0.0909090909091,0.0,0.0,0.909090909091
0.0,0.0,0.909090909091,0.0909090909091
0.0,1.0,0.0,0.0
1.0,0.0,0.0,0.0
0.0,1.0,0.0,0.0
>RBP_SNRPA,11
1.0,0.0,0.0,0.0
0.0909090909091,0.0,0.0,0.909090909091
0.0,0.0,0.0,1.0
0.0,0.0,1.0,0.0
0.0,1.0,0.0,0.0
1.0,0.0,0.0,0.0
0.0,1.0,0.0,0.0
>RBP_MBNL1,219
0.0,0.420091324201,0.0,0.579908675799
0.0,0.00456621004566,0.995433789954,0.0
0.0,0.995433789954,0.00456621004566,0.0
0.0,0.196347031963,0.0,0.803652968037
>RBP_NOVA2,12
0.166666666667,0.0,0.833333333333,0.0
0.166666666667,0.25,0.583333333333,0.0
0.583333333333,0.0,0.416666666667,0.0
0.0,0.0,1.0,0.0
1.0,0.0,0.0,0.0
0.0,0.0,1.0,0.0
0.0833333333333,0.0,0.0833333333333,0.833333333333
0.0,1.0,0.0,0.0
1.0,0.0,0.0,0.0
0.0,0.0,0.0,1.0
0.333333333333,0.333333333333,0.0,0.333333333333
0.0833333333333,0.5,0.416666666667,0.0
0.0,0.833333333333,0.0,0.166666666667
>RBP_NOVA2,7
0.428571428571,0.0,0.285714285714,0.285714285714
0.0,0.428571428571,0.571428571429,0.0
0.285714285714,0.285714285714,0.428571428571,0.0
0.0,0.0,0.142857142857,0.857142857143
0.142857142857,0.285714285714,0.285714285714,0.285714285714
0.428571428571,0.285714285714,0.142857142857,0.142857142857
0.285714285714,0.285714285714,0.428571428571,0.0
0.142857142857,0.571428571429,0.142857142857,0.142857142857
0.285714285714,0.0,0.0,0.714285714286
0.0,0.0,0.0,1.0
0.0,1.0,0.0,0.0
1.0,0.0,0.0,0.0
0.0,0.714285714286,0.0,0.285714285714
0.285714285714,0.571428571429,0.142857142857,0.0
0.0,1.0,0.0,0.0
0.0,1.0,0.0,0.0
>RBP_ELAVL2,19
0.421052631579,0.315789473684,0.0526315789474,0.210526315789
0.0909090909091,0.181818181818,0.0,0.727272727273
0.0909090909091,0.454545454545,0.136363636364,0.318181818182
0.391304347826,0.521739130435,0.0434782608696,0.0434782608696
0.0,0.0,0.0,1.0
0.037037037037,0.0,0.0,0.962962962963
0.0,0.0,0.037037037037,0.962962962963
0.259259259259,0.111111111111,0.148148148148,0.481481481481
0.111111111111,0.148148148148,0.111111111111,0.62962962963
0.36,0.08,0.12,0.44
0.0909090909091,0.0,0.0909090909091,0.818181818182
0.15,0.0,0.05,0.8
0.176470588235,0.411764705882,0.0588235294118,0.352941176471
0.142857142857,0.142857142857,0.428571428571,0.285714285714
>RBP_ELAVL2,20
0.25,0.0,0.0,0.75
0.0,0.05,0.0,0.95
0.0,0.0,0.0,1.0
0.0,0.05,0.05,0.9
0.9,0.0,0.1,0.0
0.0,0.0,0.05,0.95
0.2,0.0,0.0,0.8
0.0,0.05,0.1,0.85
0.35,0.0,0.05,0.6
>RBP_ELAVL2,6
0.333333333333,0.0,0.0,0.666666666667
0.0,0.0,0.0,1.0
0.0,0.166666666667,0.0,0.833333333333
0.0,0.333333333333,0.0,0.666666666667
0.833333333333,0.0,0.166666666667,0.0
0.166666666667,0.166666666667,0.0,0.666666666667
0.0,0.0,0.0,1.0
0.0,0.0,0.0,1.0
0.0,0.0,0.0,1.0
>RBP_SFRS7,43
0.790697674419,0.139534883721,0.0232558139535,0.046511627907
0.0697674418605,0.0232558139535,0.837209302326,0.0697674418605
0.93023255814,0.0697674418605,0.0,0.0
0.0,0.976744186047,0.0,0.0232558139535
0.139534883721,0.0232558139535,0.395348837209,0.441860465116
0.953488372093,0.0232558139535,0.0,0.0232558139535
0.0,0.883720930233,0.046511627907,0.0697674418605
0.116279069767,0.0,0.883720930233,0.0
0.720930232558,0.116279069767,0.0,0.162790697674
0.0697674418605,0.209302325581,0.139534883721,0.581395348837
>RBP_SFRS2,29
0.0689655172414,0.0,0.206896551724,0.724137931034
0.0,0.0,1.0,0.0
0.0689655172414,0.0,0.0,0.931034482759
0.0344827586207,0.0,0.0,0.965517241379
0.0,1.0,0.0,0.0
0.0,0.551724137931,0.448275862069,0.0
0.931034482759,0.0,0.0344827586207,0.0344827586207
0.0,0.0,1.0,0.0
0.586206896552,0.103448275862,0.0344827586207,0.275862068966
0.172413793103,0.0344827586207,0.137931034483,0.655172413793
>RBP_SFRS9,37
0.810810810811,0.0810810810811,0.0,0.108108108108
0.027027027027,0.0540540540541,0.918918918919,0.0
0.027027027027,0.27027027027,0.702702702703,0.0
0.891891891892,0.0810810810811,0.0,0.027027027027
0.135135135135,0.459459459459,0.324324324324,0.0810810810811
>RBP_B52,4
0.0,0.0,1.0,0.0
0.75,0.0,0.25,0.0
0.0,0.0,0.0,1.0
0.0,1.0,0.0,0.0
1.0,0.0,0.0,0.0
1.0,0.0,0.0,0.0
0.0,1.0,0.0,0.0
0.0,1.0,0.0,0.0
0.5,0.25,0.0,0.25
0.0,0.0,1.0,0.0
0.0,0.0,1.0,0.0
0.0,1.0,0.0,0.0
0.0,0.0,1.0,0.0
1.0,0.0,0.0,0.0
0.0,1.0,0.0,0.0
0.75,0.25,0.0,0.0
0.0,0.0,1.0,0.0
>RBP_Psi,34
0.352941176471,0.235294117647,0.176470588235,0.235294117647
0.147058823529,0.470588235294,0.0882352941176,0.294117647059
0.294117647059,0.117647058824,0.264705882353,0.323529411765
0.323529411765,0.235294117647,0.235294117647,0.205882352941
0.0294117647059,0.676470588235,0.176470588235,0.117647058824
0.0,0.176470588235,0.0588235294118,0.764705882353
0.0294117647059,0.0,0.0,0.970588235294
0.411764705882,0.117647058824,0.205882352941,0.264705882353
0.147058823529,0.411764705882,0.147058823529,0.294117647059
0.176470588235,0.205882352941,0.352941176471,0.264705882353
0.235294117647,0.529411764706,0.0882352941176,0.147058823529
>RBP_RBMX,12
0.0,1.0,0.0,0.0
0.0,1.0,0.0,0.0
0.666666666667,0.333333333333,0.0,0.0
0.0,0.25,0.416666666667,0.333333333333
>RBP_SNRPA,15
0.0,0.0,1.0,0.0
0.533333333333,0.0,0.133333333333,0.333333333333
0.2,0.0,0.0,0.8
0.333333333333,0.0,0.0,0.666666666667
0.0,1.0,0.0,0.0
0.0,0.866666666667,0.133333333333,0.0
0.333333333333,0.0666666666667,0.0,0.6
0.0,0.0,1.0,0.0
0.0,0.733333333333,0.0,0.266666666667
0.133333333333,0.0666666666667,0.0,0.8
0.933333333333,0.0666666666667,0.0,0.0
>RBP_SNRPA,16
0.125,0.0625,0.75,0.0625
0.0625,0.0625,0.8125,0.0625
0.0625,0.0,0.75,0.1875
0.1875,0.0,0.25,0.5625
0.9375,0.0,0.0625,0.0
0.133333333333,0.0,0.0,0.866666666667
0.0,0.0,1.0,0.0
0.0,1.0,0.0,0.0
0.0,0.125,0.0625,0.8125
0.0,0.0,0.9375,0.0625
>RBP_SNRPA,13
0.230769230769,0.0,0.692307692308,0.0769230769231
0.461538461538,0.230769230769,0.230769230769,0.0769230769231
0.0,0.0,1.0,0.0
0.0,1.0,0.0,0.0
1.0,0.0,0.0,0.0
0.0,0.0,1.0,0.0
0.0,0.0,0.0,1.0
0.923076923077,0.0,0.0769230769231,0.0
0.0,0.0,1.0,0.0
0.0,0.0,0.538461538462,0.461538461538
0.0,0.384615384615,0.615384615385,0.0
>RBP_SNRPA,16
0.6875,0.0,0.0625,0.25
0.0,0.25,0.75,0.0
0.0,0.0,0.9375,0.0625
0.75,0.125,0.125,0.0
0.0625,0.0,0.8125,0.125
0.875,0.0625,0.0625,0.0
0.0625,0.0625,0.125,0.75
>RBP_PABPC1,7
1.0,0.0,0.0,0.0
0.142857142857,0.857142857143,0.0,0.0
0.285714285714,0.0,0.285714285714,0.428571428571
0.857142857143,0.0,0.142857142857,0.0
1.0,0.0,0.0,0.0
0.0,0.285714285714,0.142857142857,0.571428571429
0.428571428571,0.428571428571,0.142857142857,0.0
>RBP_ZFP36,16
0.1875,0.0625,0.0,0.75
0.0625,0.0,0.0625,0.875
0.9375,0.0,0.0625,0.0
0.0,0.0,0.0,1.0
0.0,0.0,0.0,1.0
0.0,0.0,0.0,1.0
0.875,0.0625,0.0625,0.0
0.375,0.0,0.0,0.625
0.0625,0.125,0.25,0.5625
>RBP_SFRS1,36
0.555555555556,0.111111111111,0.111111111111,0.222222222222
0.222222222222,0.0,0.555555555556,0.222222222222
0.0277777777778,0.0,0.944444444444,0.0277777777778
0.972222222222,0.0277777777778,0.0,0.0
0.0555555555556,0.916666666667,0.0277777777778,0.0
0.555555555556,0.0,0.388888888889,0.0555555555556
0.277777777778,0.0,0.694444444444,0.0277777777778
0.944444444444,0.0277777777778,0.0277777777778,0.0
0.222222222222,0.0555555555556,0.722222222222,0.0
0.0,0.972222222222,0.0,0.0277777777778
>RBP_SFRS2,26
0.884615384615,0.0384615384615,0.0384615384615,0.0384615384615
0.0384615384615,0.0384615384615,0.923076923077,0.0
0.0384615384615,0.461538461538,0.5,0.0
0.807692307692,0.153846153846,0.0384615384615,0.0
0.0,0.0,1.0,0.0
0.730769230769,0.0769230769231,0.0384615384615,0.153846153846
0.115384615385,0.0,0.846153846154,0.0384615384615
0.230769230769,0.0384615384615,0.192307692308,0.538461538462
0.461538461538,0.0769230769231,0.115384615385,0.346153846154
>RBP_SFRS7,25
0.72,0.16,0.0,0.12
0.08,0.88,0.0,0.04
0.0,0.0,0.96,0.04
1.0,0.0,0.0,0.0
0.04,0.0,0.72,0.24
0.8,0.0,0.0,0.2
0.0,0.04,0.84,0.12
0.84,0.12,0.0,0.04
0.24,0.44,0.0,0.32
>RBP_YTHDC1,36
0.0,0.138888888889,0.472222222222,0.388888888889
0.472222222222,0.361111111111,0.138888888889,0.0277777777778
0.416666666667,0.194444444444,0.277777777778,0.111111111111
0.0,0.0,0.0555555555556,0.944444444444
0.388888888889,0.222222222222,0.388888888889,0.0
0.0555555555556,0.861111111111,0.0833333333333,0.0
